team_ct_player1_is_alive,team_ct_player1_equipment_value,team_ct_player1_equipped_weapon,team_ct_player1_has_helmet,team_ct_player1_has_kevlar,team_ct_player1_hp,team_ct_player1_has_defuse_kit,team_ct_player2_is_alive,team_ct_player2_equipment_value,team_ct_player2_equipped_weapon,team_ct_player2_has_helmet,team_ct_player2_has_kevlar,team_ct_player2_hp,team_ct_player2_has_defuse_kit,team_ct_player3_is_alive,team_ct_player3_equipment_value,team_ct_player3_equipped_weapon,team_ct_player3_has_helmet,team_ct_player3_has_kevlar,team_ct_player3_hp,team_ct_player3_has_defuse_kit,team_ct_player4_is_alive,team_ct_player4_equipment_value,team_ct_player4_equipped_weapon,team_ct_player4_has_helmet,team_ct_player4_has_kevlar,team_ct_player4_hp,team_ct_player4_has_defuse_kit,team_ct_player5_is_alive,team_ct_player5_equipment_value,team_ct_player5_equipped_weapon,team_ct_player5_has_helmet,team_ct_player5_has_kevlar,team_ct_player5_hp,team_ct_player5_has_defuse_kit,team_t_player1_is_alive,team_t_player1_equipment_value,team_t_player1_equipped_weapon,team_t_player1_has_helmet,team_t_player1_has_kevlar,team_t_player1_hp,team_t_player2_is_alive,team_t_player2_equipment_value,team_t_player2_equipped_weapon,team_t_player2_has_helmet,team_t_player2_has_kevlar,team_t_player2_hp,team_t_player3_is_alive,team_t_player3_equipment_value,team_t_player3_equipped_weapon,team_t_player3_has_helmet,team_t_player3_has_kevlar,team_t_player3_hp,team_t_player4_is_alive,team_t_player4_equipment_value,team_t_player4_equipped_weapon,team_t_player4_has_helmet,team_t_player4_has_kevlar,team_t_player4_hp,team_t_player5_is_alive,team_t_player5_equipment_value,team_t_player5_equipped_weapon,team_t_player5_has_helmet,team_t_player5_has_kevlar,team_t_player5_hp,team_ct_wins_round,map_id,elapsed_since_bombplant,bombplant_site,round_number,round_of_half,rounds_per_half
True,6000,Knife,True,True,100,True,False,6100,Unknown,False,False,0,False,True,5700,AK47,True,True,65,True,True,6000,M4A4,True,True,100,True,True,7650,CZ,True,True,78,True,False,2100,Unknown,False,False,0,True,2100,CZ,True,True,84,True,1750,HE,False,True,100,True,2000,CZ,True,True,64,False,1000,Unknown,False,False,0,False,de_nuke,1.000399,B,13,13,15
True,6000,AK47,True,True,100,True,False,6100,Unknown,False,False,0,False,True,5700,AK47,True,True,65,True,True,6000,M4A4,True,True,100,True,True,7650,CZ,True,True,78,True,False,2100,Unknown,False,False,0,True,2100,CZ,True,True,84,True,1750,HE,False,True,100,True,2000,CZ,True,True,64,False,1000,Unknown,False,False,0,False,de_nuke,2.000797,B,13,13,15
True,6000,AK47,True,True,100,True,False,6100,Unknown,False,False,0,False,True,5700,AK47,True,True,65,True,True,6000,M4A4,True,True,100,True,True,7650,CZ,True,True,78,True,False,2100,Unknown,False,False,0,True,2100,CZ,True,True,84,True,1750,CZ,False,True,100,True,2000,CZ,True,True,64,False,1000,Unknown,False,False,0,False,de_nuke,3.001195,B,13,13,15
True,6000,AK47,True,True,100,True,False,6100,Unknown,False,False,0,False,True,5700,AK47,True,True,65,True,True,6000,M4A4,True,True,100,True,True,7650,CZ,True,True,78,True,False,2100,Unknown,False,False,0,True,2100,CZ,True,True,84,True,1750,CZ,False,True,100,True,2000,CZ,True,True,64,False,1000,Unknown,False,False,0,False,de_nuke,4.001594,B,13,13,15
True,6000,HE,True,True,100,True,False,6100,Unknown,False,False,0,False,True,5700,AK47,True,True,65,True,True,6000,M4A4,True,True,100,True,True,7650,AWP,True,True,78,True,False,2100,Unknown,False,False,0,True,2100,CZ,True,True,84,True,1750,CZ,False,True,100,True,2000,CZ,True,True,64,False,1000,Unknown,False,False,0,False,de_nuke,5.001993,B,13,13,15
True,6000,HE,True,True,100,True,False,6100,Unknown,False,False,0,False,True,5700,AK47,True,True,65,True,True,6000,Flash,True,True,100,True,True,7650,AWP,True,True,78,True,False,2100,Unknown,False,False,0,True,2100,CZ,True,True,84,True,1750,CZ,False,True,100,True,2000,CZ,True,True,64,False,1000,Unknown,False,False,0,False,de_nuke,6.002391,B,13,13,15
True,6000,AK47,True,True,100,True,False,6100,Unknown,False,False,0,False,True,5700,AK47,True,True,65,True,True,6000,Flash,True,True,100,True,True,7650,AWP,True,True,78,True,False,2100,Unknown,False,False,0,True,2100,CZ,True,True,84,True,1750,CZ,False,True,100,True,2000,CZ,True,True,64,False,1000,Unknown,False,False,0,False,de_nuke,7.002789,B,13,13,15
True,6000,AK47,True,True,100,True,False,6100,Unknown,False,False,0,False,True,5700,AK47,True,True,65,True,True,6000,Flash,True,True,100,True,True,7650,AWP,True,True,42,True,False,2100,Unknown,False,False,0,True,2100,CZ,True,True,84,True,1750,CZ,False,True,100,True,2000,CZ,True,True,64,False,1000,Unknown,False,False,0,False,de_nuke,8.003188,B,13,13,15
True,6000,AK47,True,True,100,True,False,6100,Unknown,False,False,0,False,True,5700,AK47,True,True,65,True,True,6000,M4A4,True,True,100,True,True,7650,AWP,True,True,42,True,False,2100,Unknown,False,False,0,True,2100,CZ,True,True,84,True,1750,CZ,False,True,100,True,2000,CZ,True,True,64,False,1000,Unknown,False,False,0,False,de_nuke,9.003587,B,13,13,15
True,6000,AK47,True,True,100,True,False,6100,Unknown,False,False,0,False,True,5700,AK47,True,True,65,True,True,6000,M4A4,True,True,100,True,True,7650,AWP,True,True,42,True,False,2100,Unknown,False,False,0,True,2100,CZ,True,True,84,True,1750,CZ,False,True,100,True,2000,CZ,True,True,64,False,1000,Unknown,False,False,0,False,de_nuke,10.00399,B,13,13,15
True,6000,AK47,True,True,100,True,False,6100,Unknown,False,False,0,False,True,5700,AK47,True,True,65,True,True,6000,M4A4,True,True,100,True,True,7650,AWP,True,True,42,True,False,2100,Unknown,False,False,0,True,2100,CZ,True,True,84,True,1750,CZ,False,True,100,True,2000,CZ,True,True,64,False,1000,Unknown,False,False,0,False,de_nuke,11.00438,B,13,13,15
True,6000,AK47,True,True,100,True,False,6100,Unknown,False,False,0,False,True,5700,AK47,True,True,65,True,False,6000,Unknown,False,False,0,False,True,7650,AWP,True,True,42,True,False,2100,Unknown,False,False,0,True,2100,CZ,True,True,62,True,1750,CZ,False,True,100,True,2000,CZ,True,True,64,False,1000,Unknown,False,False,0,False,de_nuke,12.00478,B,13,13,15
True,6000,AK47,True,True,100,True,False,6100,Unknown,False,False,0,False,True,5700,Smoke,True,True,65,True,False,6000,Unknown,False,False,0,False,True,7650,AWP,True,True,42,True,False,2100,Unknown,False,False,0,True,4600,M4A4,True,True,62,True,1750,CZ,False,True,100,True,2000,CZ,True,True,64,False,1000,Unknown,False,False,0,False,de_nuke,13.00518,B,13,13,15
True,6000,AK47,True,True,100,True,False,6100,Unknown,False,False,0,False,True,5700,Smoke,True,True,65,True,False,6000,Unknown,False,False,0,False,True,7650,AWP,True,True,42,True,False,2100,Unknown,False,False,0,True,4600,M4A4,True,True,62,True,1750,CZ,False,True,100,True,2000,CZ,True,True,64,False,1000,Unknown,False,False,0,False,de_nuke,14.00558,B,13,13,15
True,6000,AK47,True,True,100,True,False,6100,Unknown,False,False,0,False,True,5700,AK47,True,True,65,True,False,6000,Unknown,False,False,0,False,True,7650,CZ,True,True,42,True,False,2100,Unknown,False,False,0,True,4600,M4A4,True,True,62,True,1750,CZ,False,True,100,True,2000,CZ,True,True,64,False,1000,Unknown,False,False,0,False,de_nuke,15.00598,B,13,13,15
True,6000,AK47,True,True,100,True,False,6100,Unknown,False,False,0,False,True,5700,AK47,True,True,65,True,False,6000,Unknown,False,False,0,False,True,7650,Smoke,True,True,42,True,False,2100,Unknown,False,False,0,True,4600,M4A4,True,True,62,True,1750,CZ,False,True,100,True,2000,CZ,True,True,64,False,1000,Unknown,False,False,0,False,de_nuke,16.00638,B,13,13,15
True,6000,AK47,True,True,100,True,False,6100,Unknown,False,False,0,False,True,5700,AK47,True,True,65,True,False,6000,Unknown,False,False,0,False,True,7650,Smoke,True,True,42,True,False,2100,Unknown,False,False,0,True,4600,M4A4,True,True,62,True,1750,CZ,False,True,100,True,2000,CZ,True,True,64,False,1000,Unknown,False,False,0,False,de_nuke,17.00677,B,13,13,15
True,6000,AK47,True,True,100,True,False,6100,Unknown,False,False,0,False,True,5700,AK47,True,True,65,True,False,6000,Unknown,False,False,0,False,True,7650,AWP,True,True,42,True,False,2100,Unknown,False,False,0,True,4600,M4A4,True,True,62,True,1750,CZ,False,True,100,True,2000,CZ,True,True,64,False,1000,Unknown,False,False,0,False,de_nuke,18.00717,B,13,13,15
True,6000,AK47,True,True,100,True,False,6100,Unknown,False,False,0,False,True,5700,AK47,True,True,65,True,False,6000,Unknown,False,False,0,False,True,7650,AWP,True,True,42,True,False,2100,Unknown,False,False,0,True,4600,M4A4,True,True,62,True,1750,CZ,False,True,100,True,1800,CZ,True,True,64,False,1000,Unknown,False,False,0,False,de_nuke,19.00757,B,13,13,15
True,6000,AK47,True,True,100,True,False,6100,Unknown,False,False,0,False,True,5700,AK47,True,True,65,True,False,6000,Unknown,False,False,0,False,True,7650,Knife,True,True,42,True,False,2100,Unknown,False,False,0,True,4600,M4A4,True,True,62,True,1750,CZ,False,True,100,True,1800,CZ,True,True,64,False,1000,Unknown,False,False,0,False,de_nuke,20.00797,B,13,13,15
True,6000,AK47,True,True,100,True,False,6100,Unknown,False,False,0,False,True,5700,AK47,True,True,65,True,False,6000,Unknown,False,False,0,False,True,7650,AWP,True,True,42,True,False,2100,Unknown,False,False,0,True,4600,M4A4,True,True,62,True,1750,CZ,False,True,100,True,1800,CZ,True,True,64,False,1000,Unknown,False,False,0,False,de_nuke,21.00837,B,13,13,15
True,6000,AK47,True,True,100,True,False,6100,Unknown,False,False,0,False,True,5700,AK47,True,True,65,True,False,6000,Unknown,False,False,0,False,True,7650,AWP,True,True,42,True,False,2100,Unknown,False,False,0,True,4600,M4A4,True,True,62,True,1750,CZ,False,True,100,True,1800,CZ,True,True,64,False,1000,Unknown,False,False,0,False,de_nuke,22.00877,B,13,13,15
True,6000,AK47,True,True,100,True,False,6100,Unknown,False,False,0,False,True,5700,AK47,True,True,65,True,False,6000,Unknown,False,False,0,False,True,7650,AWP,True,True,42,True,False,2100,Unknown,False,False,0,True,4600,M4A4,True,True,62,True,1750,CZ,False,True,100,True,1800,CZ,True,True,64,False,1000,Unknown,False,False,0,False,de_nuke,23.00916,B,13,13,15
True,6000,AK47,True,True,100,True,False,6100,Unknown,False,False,0,False,True,5700,AK47,True,True,65,True,False,6000,Unknown,False,False,0,False,True,7650,AWP,True,True,42,True,False,2100,Unknown,False,False,0,True,4600,M4A4,True,True,62,True,1750,CZ,False,True,100,True,1800,CZ,True,True,64,False,1000,Unknown,False,False,0,False,de_nuke,24.00956,B,13,13,15
True,6000,AK47,True,True,100,True,False,6100,Unknown,False,False,0,False,True,5700,AK47,True,True,65,True,False,6000,Unknown,False,False,0,False,True,7650,AWP,True,True,42,True,False,2100,Unknown,False,False,0,True,4600,M4A4,True,True,62,True,1750,CZ,False,True,100,True,1800,CZ,True,True,64,False,1000,Unknown,False,False,0,False,de_nuke,25.00996,B,13,13,15
True,6000,AK47,True,True,100,True,False,6100,Unknown,False,False,0,False,True,5700,AK47,True,True,65,True,False,6000,Unknown,False,False,0,False,True,7650,AWP,True,True,42,True,False,2100,Unknown,False,False,0,True,4600,M4A4,True,True,62,True,1750,CZ,False,True,100,True,1800,CZ,True,True,64,False,1000,Unknown,False,False,0,False,de_nuke,26.01036,B,13,13,15
True,6000,AK47,True,True,22,True,False,6100,Unknown,False,False,0,False,True,5700,AK47,True,True,65,True,False,6000,Unknown,False,False,0,False,True,7650,AWP,True,True,42,True,False,2100,Unknown,False,False,0,True,4600,M4A4,True,True,62,True,1750,CZ,False,True,100,True,1800,CZ,True,True,64,False,1000,Unknown,False,False,0,False,de_nuke,27.01076,B,13,13,15
False,6000,Unknown,False,False,0,False,False,6100,Unknown,False,False,0,False,True,5700,AK47,True,True,65,True,False,6000,Unknown,False,False,0,False,True,7650,AWP,True,True,42,True,False,2100,Unknown,False,False,0,True,4600,M4A4,True,True,62,False,1750,Unknown,False,False,0,True,1800,CZ,True,True,57,False,1000,Unknown,False,False,0,False,de_nuke,28.01116,B,13,13,15
False,6000,Unknown,False,False,0,False,False,6100,Unknown,False,False,0,False,True,5700,AK47,True,True,65,True,False,6000,Unknown,False,False,0,False,True,7650,AWP,True,True,42,True,False,2100,Unknown,False,False,0,True,4600,M4A4,True,True,62,False,1750,Unknown,False,False,0,True,1800,CZ,True,True,57,False,1000,Unknown,False,False,0,False,de_nuke,29.01156,B,13,13,15
False,6000,Unknown,False,False,0,False,False,6100,Unknown,False,False,0,False,True,5700,AK47,True,True,65,True,False,6000,Unknown,False,False,0,False,True,7650,AWP,True,True,42,True,False,2100,Unknown,False,False,0,True,4600,M4A4,True,True,62,False,1750,Unknown,False,False,0,True,1800,CZ,True,True,57,False,1000,Unknown,False,False,0,False,de_nuke,30.01196,B,13,13,15
False,6000,Unknown,False,False,0,False,False,6100,Unknown,False,False,0,False,True,5700,AK47,True,True,65,True,False,6000,Unknown,False,False,0,False,True,7650,AWP,True,True,42,True,False,2100,Unknown,False,False,0,True,4600,M4A4,True,True,62,False,1750,Unknown,False,False,0,True,1800,CZ,True,True,57,False,1000,Unknown,False,False,0,False,de_nuke,31.01235,B,13,13,15
False,6000,Unknown,False,False,0,False,False,6100,Unknown,False,False,0,False,True,5700,AK47,True,True,37,True,False,6000,Unknown,False,False,0,False,False,7650,Unknown,False,False,0,False,False,2100,Unknown,False,False,0,True,4600,CZ,True,True,62,False,1750,Unknown,False,False,0,True,1800,CZ,True,True,57,False,1000,Unknown,False,False,0,False,de_nuke,32.01275,B,13,13,15
False,6000,Unknown,False,False,0,False,False,6100,Unknown,False,False,0,False,True,5700,AK47,True,True,37,True,False,6000,Unknown,False,False,0,False,False,7650,Unknown,False,False,0,False,False,2100,Unknown,False,False,0,True,4600,CZ,True,True,62,False,1750,Unknown,False,False,0,False,1800,Unknown,False,False,0,False,1000,Unknown,False,False,0,False,de_nuke,33.01315,B,13,13,15
False,6000,Unknown,False,False,0,False,False,6100,Unknown,False,False,0,False,True,5700,AK47,True,True,37,True,False,6000,Unknown,False,False,0,False,False,7650,Unknown,False,False,0,False,False,2100,Unknown,False,False,0,True,4600,CZ,True,True,62,False,1750,Unknown,False,False,0,False,1800,Unknown,False,False,0,False,1000,Unknown,False,False,0,False,de_nuke,34.01355,B,13,13,15
False,6000,Unknown,False,False,0,False,False,6100,Unknown,False,False,0,False,True,5700,AK47,True,True,37,True,False,6000,Unknown,False,False,0,False,False,7650,Unknown,False,False,0,False,False,2100,Unknown,False,False,0,True,4900,CZ,True,True,62,False,1750,Unknown,False,False,0,False,1800,Unknown,False,False,0,False,1000,Unknown,False,False,0,False,de_nuke,35.01395,B,13,13,15
True,5700,M4A4,True,True,100,False,True,6100,M4A4,True,True,97,True,False,5850,Unknown,False,False,0,False,True,6100,M4A4,True,True,100,True,True,7650,Knife,True,True,100,True,True,5100,AK47,True,True,43,False,7350,Unknown,False,False,0,True,4900,AK47,True,True,82,True,4600,AK47,True,True,100,True,7050,AWP,True,True,97,False,de_nuke,0.484568,B,14,14,15
True,5700,M4A4,True,True,100,False,True,6100,M4A4,True,True,97,True,False,5850,Unknown,False,False,0,False,True,6100,M4A4,True,True,100,True,True,7650,Knife,True,True,100,True,True,5100,AK47,True,True,43,False,7350,Unknown,False,False,0,True,4900,AK47,True,True,82,True,4600,AK47,True,True,100,True,7050,AWP,True,True,97,False,de_nuke,1.484967,B,14,14,15
True,5700,M4A4,True,True,100,False,True,6100,M4A4,True,True,97,True,False,5850,Unknown,False,False,0,False,True,6100,M4A4,True,True,100,True,True,7650,AWP,True,True,100,True,True,5100,AK47,True,True,43,False,7350,Unknown,False,False,0,True,4900,AK47,True,True,82,True,4600,AK47,True,True,100,True,7050,AWP,True,True,97,False,de_nuke,2.485365,B,14,14,15
True,5700,M4A4,True,True,100,False,True,6100,M4A4,True,True,97,True,False,5850,Unknown,False,False,0,False,True,6100,M4A4,True,True,100,True,True,7650,AWP,True,True,100,True,True,5100,Molotov,True,True,43,False,7350,Unknown,False,False,0,True,4900,AK47,True,True,82,True,4600,AK47,True,True,100,True,7050,AWP,True,True,97,False,de_nuke,3.485764,B,14,14,15
True,5700,M4A4,True,True,100,False,True,6100,M4A4,True,True,97,True,False,5850,Unknown,False,False,0,False,True,6100,M4A4,True,True,100,True,True,7650,AWP,True,True,100,True,True,5100,AK47,True,True,43,False,7350,Unknown,False,False,0,True,4900,AK47,True,True,82,True,4600,AK47,True,True,100,True,7050,Molotov,True,True,97,False,de_nuke,4.486162,B,14,14,15
True,5700,M4A4,True,True,100,False,True,6100,M4A4,True,True,97,True,False,5850,Unknown,False,False,0,False,True,6100,M4A4,True,True,100,True,True,7650,AWP,True,True,100,True,True,5100,AK47,True,True,43,False,7350,Unknown,False,False,0,True,4900,AK47,True,True,82,True,4600,AK47,True,True,100,True,7050,AWP,True,True,97,False,de_nuke,5.48656,B,14,14,15
True,5700,M4A4,True,True,100,False,True,6100,M4A4,True,True,97,True,False,5850,Unknown,False,False,0,False,True,6100,M4A4,True,True,100,True,True,7650,AWP,True,True,100,True,True,5100,AK47,True,True,43,False,7350,Unknown,False,False,0,True,4900,AK47,True,True,82,True,4600,AK47,True,True,100,True,7050,AWP,True,True,97,False,de_nuke,6.486959,B,14,14,15
True,5700,Flash,True,True,100,False,True,6100,M4A4,True,True,97,True,False,5850,Unknown,False,False,0,False,True,6100,M4A4,True,True,100,True,True,7650,AWP,True,True,100,True,True,5100,AK47,True,True,43,False,7350,Unknown,False,False,0,False,4900,Unknown,False,False,0,True,4600,AK47,True,True,100,True,7050,AWP,True,True,97,False,de_nuke,7.487358,B,14,14,15
True,5700,M4A4,True,True,100,False,True,6100,M4A4,True,True,97,True,False,5850,Unknown,False,False,0,False,True,6100,M4A4,True,True,74,True,True,7650,AWP,True,True,100,True,True,5100,AK47,True,True,43,False,7350,Unknown,False,False,0,False,4900,Unknown,False,False,0,True,4600,AK47,True,True,100,True,7050,AWP,True,True,97,False,de_nuke,8.487756,B,14,14,15
True,5700,M4A4,True,True,100,False,False,6100,Unknown,False,False,0,False,False,5850,Unknown,False,False,0,False,False,6100,Unknown,False,False,0,False,True,7650,AWP,True,True,100,True,True,5100,AK47,True,True,43,False,7350,Unknown,False,False,0,False,4900,Unknown,False,False,0,True,4600,AK47,True,True,100,True,7050,AWP,True,True,97,False,de_nuke,9.488154,B,14,14,15
True,5700,M4A4,True,True,100,False,False,6100,Unknown,False,False,0,False,False,5850,Unknown,False,False,0,False,False,6100,Unknown,False,False,0,False,True,7650,AWP,True,True,100,True,True,5100,AK47,True,True,43,False,7350,Unknown,False,False,0,False,4900,Unknown,False,False,0,True,4600,AK47,True,True,100,True,7050,AWP,True,True,97,False,de_nuke,10.48855,B,14,14,15
True,5700,M4A4,True,True,100,False,False,6100,Unknown,False,False,0,False,False,5850,Unknown,False,False,0,False,False,6100,Unknown,False,False,0,False,True,7650,AWP,True,True,100,True,True,5100,AK47,True,True,43,False,7350,Unknown,False,False,0,False,4900,Unknown,False,False,0,True,4600,AK47,True,True,100,True,7050,AWP,True,True,97,False,de_nuke,11.48895,B,14,14,15
True,5700,M4A4,True,True,100,False,False,6100,Unknown,False,False,0,False,False,5850,Unknown,False,False,0,False,False,6100,Unknown,False,False,0,False,True,7650,AWP,True,True,73,True,True,5100,AK47,True,True,43,False,7350,Unknown,False,False,0,False,4900,Unknown,False,False,0,True,4600,AK47,True,True,100,True,7050,AWP,True,True,97,False,de_nuke,12.48935,B,14,14,15
True,5700,M4A4,True,True,100,False,False,6100,Unknown,False,False,0,False,False,5850,Unknown,False,False,0,False,False,6100,Unknown,False,False,0,False,False,7650,Unknown,False,False,0,False,True,5100,AK47,True,True,43,False,7350,Unknown,False,False,0,False,4900,Unknown,False,False,0,True,4600,AK47,True,True,100,True,7050,AWP,True,True,97,False,de_nuke,13.48975,B,14,14,15
True,5700,M4A4,True,True,100,False,False,6100,Unknown,False,False,0,False,False,5850,Unknown,False,False,0,False,False,6100,Unknown,False,False,0,False,False,7650,Unknown,False,False,0,False,True,5100,AK47,True,True,43,False,7350,Unknown,False,False,0,False,4900,Unknown,False,False,0,True,4600,AK47,True,True,100,True,7050,AWP,True,True,97,False,de_nuke,14.49015,B,14,14,15
True,5700,M4A4,True,True,100,False,False,6100,Unknown,False,False,0,False,False,5850,Unknown,False,False,0,False,False,6100,Unknown,False,False,0,False,False,7650,Unknown,False,False,0,False,True,5100,AK47,True,True,43,False,7350,Unknown,False,False,0,False,4900,Unknown,False,False,0,True,4600,AK47,True,True,100,True,7050,AWP,True,True,97,False,de_nuke,15.49055,B,14,14,15
True,5700,M4A4,True,True,100,False,False,6100,Unknown,False,False,0,False,False,5850,Unknown,False,False,0,False,False,6100,Unknown,False,False,0,False,False,7650,Unknown,False,False,0,False,True,5100,AK47,True,True,43,False,7350,Unknown,False,False,0,False,4900,Unknown,False,False,0,True,4600,AK47,True,True,100,True,7050,AWP,True,True,97,False,de_nuke,16.49094,B,14,14,15
True,5700,M4A4,True,True,100,False,False,6100,Unknown,False,False,0,False,False,5850,Unknown,False,False,0,False,False,6100,Unknown,False,False,0,False,False,7650,Unknown,False,False,0,False,True,5100,AK47,True,True,43,False,7350,Unknown,False,False,0,False,4900,Unknown,False,False,0,True,4600,AK47,True,True,100,True,7050,AWP,True,True,97,False,de_nuke,17.49134,B,14,14,15
True,5700,USP,True,True,73,False,False,6100,Unknown,False,False,0,False,False,5850,Unknown,False,False,0,False,False,6100,Unknown,False,False,0,False,False,7650,Unknown,False,False,0,False,False,5100,Unknown,False,False,0,False,7350,Unknown,False,False,0,False,4900,Unknown,False,False,0,True,4600,AK47,True,True,100,True,7050,AWP,True,True,97,False,de_nuke,18.49174,B,14,14,15
True,5700,USP,True,True,73,False,False,6100,Unknown,False,False,0,False,False,5850,Unknown,False,False,0,False,False,6100,Unknown,False,False,0,False,False,7650,Unknown,False,False,0,False,False,5100,Unknown,False,False,0,False,7350,Unknown,False,False,0,False,4900,Unknown,False,False,0,True,4600,AK47,True,True,100,True,7050,AWP,True,True,97,False,de_nuke,19.49214,B,14,14,15
True,5700,M4A4,True,True,73,False,False,6100,Unknown,False,False,0,False,False,5850,Unknown,False,False,0,False,False,6100,Unknown,False,False,0,False,False,7650,Unknown,False,False,0,False,False,5100,Unknown,False,False,0,False,7350,Unknown,False,False,0,False,4900,Unknown,False,False,0,True,4600,AK47,True,True,100,True,7050,AWP,True,True,97,False,de_nuke,20.49254,B,14,14,15
True,5700,M4A4,True,True,73,False,False,6100,Unknown,False,False,0,False,False,5850,Unknown,False,False,0,False,False,6100,Unknown,False,False,0,False,False,7650,Unknown,False,False,0,False,False,5100,Unknown,False,False,0,False,7350,Unknown,False,False,0,False,4900,Unknown,False,False,0,True,4600,AK47,True,True,100,True,7050,AWP,True,True,97,False,de_nuke,21.49294,B,14,14,15
True,5700,Knife,True,True,73,False,False,6100,Unknown,False,False,0,False,False,5850,Unknown,False,False,0,False,False,6100,Unknown,False,False,0,False,False,7650,Unknown,False,False,0,False,False,5100,Unknown,False,False,0,False,7350,Unknown,False,False,0,False,4900,Unknown,False,False,0,True,4600,AK47,True,True,100,True,7050,AWP,True,True,97,False,de_nuke,22.49334,B,14,14,15
True,5700,Knife,True,True,73,False,False,6100,Unknown,False,False,0,False,False,5850,Unknown,False,False,0,False,False,6100,Unknown,False,False,0,False,False,7650,Unknown,False,False,0,False,False,5100,Unknown,False,False,0,False,7350,Unknown,False,False,0,False,4900,Unknown,False,False,0,True,4600,AK47,True,True,100,True,7050,AWP,True,True,97,False,de_nuke,23.49373,B,14,14,15
True,5700,Knife,True,True,73,False,False,6100,Unknown,False,False,0,False,False,5850,Unknown,False,False,0,False,False,6100,Unknown,False,False,0,False,False,7650,Unknown,False,False,0,False,False,5100,Unknown,False,False,0,False,7350,Unknown,False,False,0,False,4900,Unknown,False,False,0,True,4600,AK47,True,True,100,True,7050,AWP,True,True,97,False,de_nuke,24.49413,B,14,14,15
True,5700,Knife,True,True,73,False,False,6100,Unknown,False,False,0,False,False,5850,Unknown,False,False,0,False,False,6100,Unknown,False,False,0,False,False,7650,Unknown,False,False,0,False,False,5100,Unknown,False,False,0,False,7350,Unknown,False,False,0,False,4900,Unknown,False,False,0,True,4600,AK47,True,True,100,True,7050,AWP,True,True,97,False,de_nuke,25.49453,B,14,14,15
True,5700,Knife,True,True,73,False,False,6100,Unknown,False,False,0,False,False,5850,Unknown,False,False,0,False,False,6100,Unknown,False,False,0,False,False,7650,Unknown,False,False,0,False,False,5100,Unknown,False,False,0,False,7350,Unknown,False,False,0,False,4900,Unknown,False,False,0,True,4600,AK47,True,True,100,True,7050,AWP,True,True,97,False,de_nuke,26.49493,B,14,14,15
True,5700,M4A4,True,True,73,False,False,6100,Unknown,False,False,0,False,False,5850,Unknown,False,False,0,False,False,6100,Unknown,False,False,0,False,False,7650,Unknown,False,False,0,False,False,5100,Unknown,False,False,0,False,7350,Unknown,False,False,0,False,4900,Unknown,False,False,0,True,4600,AK47,True,True,100,True,7050,AWP,True,True,97,False,de_nuke,27.49533,B,14,14,15
True,5700,M4A4,True,True,73,False,False,6100,Unknown,False,False,0,False,False,5850,Unknown,False,False,0,False,False,6100,Unknown,False,False,0,False,False,7650,Unknown,False,False,0,False,False,5100,Unknown,False,False,0,False,7350,Unknown,False,False,0,False,4900,Unknown,False,False,0,True,4600,AK47,True,True,100,True,7050,AWP,True,True,97,False,de_nuke,28.49573,B,14,14,15
True,5700,M4A4,True,True,73,False,False,6100,Unknown,False,False,0,False,False,5850,Unknown,False,False,0,False,False,6100,Unknown,False,False,0,False,False,7650,Unknown,False,False,0,False,False,5100,Unknown,False,False,0,False,7350,Unknown,False,False,0,False,4900,Unknown,False,False,0,True,4600,AK47,True,True,100,True,7050,AWP,True,True,97,False,de_nuke,29.49612,B,14,14,15
True,4500,M4A4,True,True,73,False,False,6100,Unknown,False,False,0,False,False,5850,Unknown,False,False,0,False,False,6100,Unknown,False,False,0,False,False,7650,Unknown,False,False,0,False,False,5100,Unknown,False,False,0,False,7350,Unknown,False,False,0,False,4900,Unknown,False,False,0,True,4600,AK47,True,True,100,True,7050,AWP,True,True,97,False,de_nuke,30.49652,B,14,14,15
True,6150,USP,True,True,73,False,False,6100,Unknown,False,False,0,False,False,5850,Unknown,False,False,0,False,False,6100,Unknown,False,False,0,False,False,7650,Unknown,False,False,0,False,False,5100,Unknown,False,False,0,False,7350,Unknown,False,False,0,False,4900,Unknown,False,False,0,True,4600,AK47,True,True,100,True,7050,AWP,True,True,97,False,de_nuke,31.49692,B,14,14,15
True,6150,Knife,True,True,73,False,False,6100,Unknown,False,False,0,False,False,5850,Unknown,False,False,0,False,False,6100,Unknown,False,False,0,False,False,7650,Unknown,False,False,0,False,False,5100,Unknown,False,False,0,False,7350,Unknown,False,False,0,False,4900,Unknown,False,False,0,True,4600,AK47,True,True,100,True,7050,AWP,True,True,97,False,de_nuke,32.49732,B,14,14,15
True,6150,Knife,True,True,73,False,False,6100,Unknown,False,False,0,False,False,5850,Unknown,False,False,0,False,False,6100,Unknown,False,False,0,False,False,7650,Unknown,False,False,0,False,False,5100,Unknown,False,False,0,False,7350,Unknown,False,False,0,False,4900,Unknown,False,False,0,True,4600,Knife,True,True,100,True,7050,Knife,True,True,97,False,de_nuke,33.49772,B,14,14,15
True,6150,Knife,True,True,73,False,False,6100,Unknown,False,False,0,False,False,5850,Unknown,False,False,0,False,False,6100,Unknown,False,False,0,False,False,7650,Unknown,False,False,0,False,False,5100,Unknown,False,False,0,False,7350,Unknown,False,False,0,False,4900,Unknown,False,False,0,True,4600,AK47,True,True,100,True,7050,AWP,True,True,97,False,de_nuke,34.49812,B,14,14,15
True,6150,Knife,True,True,73,False,False,6100,Unknown,False,False,0,False,False,5850,Unknown,False,False,0,False,False,6100,Unknown,False,False,0,False,False,7650,Unknown,False,False,0,False,False,5100,Unknown,False,False,0,False,7350,Unknown,False,False,0,False,4900,Unknown,False,False,0,True,4600,AK47,True,True,100,True,7050,AWP,True,True,97,False,de_nuke,35.49852,B,14,14,15
True,6150,Knife,True,True,73,False,False,6100,Unknown,False,False,0,False,False,5850,Unknown,False,False,0,False,False,6100,Unknown,False,False,0,False,False,7650,Unknown,False,False,0,False,False,5100,Unknown,False,False,0,False,7350,Unknown,False,False,0,False,4900,Unknown,False,False,0,True,4600,AK47,True,True,100,True,7050,AWP,True,True,97,False,de_nuke,36.49891,B,14,14,15
True,6150,AWP,True,True,73,False,False,6100,Unknown,False,False,0,False,False,5850,Unknown,False,False,0,False,False,6100,Unknown,False,False,0,False,False,7650,Unknown,False,False,0,False,False,5100,Unknown,False,False,0,False,7350,Unknown,False,False,0,False,4900,Unknown,False,False,0,True,4600,AK47,True,True,100,True,7050,AWP,True,True,97,False,de_nuke,37.49931,B,14,14,15
True,6150,AWP,True,True,73,False,False,6100,Unknown,False,False,0,False,False,5850,Unknown,False,False,0,False,False,6100,Unknown,False,False,0,False,False,7650,Unknown,False,False,0,False,False,5100,Unknown,False,False,0,False,7350,Unknown,False,False,0,False,4900,Unknown,False,False,0,True,4600,AK47,True,True,100,True,7050,AWP,True,True,97,False,de_nuke,38.49971,B,14,14,15
True,6150,AWP,True,True,73,False,False,6100,Unknown,False,False,0,False,False,5850,Unknown,False,False,0,False,False,6100,Unknown,False,False,0,False,False,7650,Unknown,False,False,0,False,False,5100,Unknown,False,False,0,False,7350,Unknown,False,False,0,False,4900,Unknown,False,False,0,True,4600,AK47,True,True,100,True,7050,AWP,True,True,97,False,de_nuke,39.50011,B,14,14,15
True,6150,AWP,True,True,73,False,False,6100,Unknown,False,False,0,False,False,5850,Unknown,False,False,0,False,False,6100,Unknown,False,False,0,False,False,7650,Unknown,False,False,0,False,False,5100,Unknown,False,False,0,False,7350,Unknown,False,False,0,False,4900,Unknown,False,False,0,True,4600,AK47,True,True,100,True,7050,AWP,True,True,97,False,de_nuke,40.50051,B,14,14,15
True,6150,AWP,True,True,73,False,False,6100,Unknown,False,False,0,False,False,5850,Unknown,False,False,0,False,False,6100,Unknown,False,False,0,False,False,7650,Unknown,False,False,0,False,False,5100,Unknown,False,False,0,False,7350,Unknown,False,False,0,False,4900,Unknown,False,False,0,True,4600,AK47,True,True,94,True,7050,Knife,True,True,97,False,de_nuke,41.50091,B,14,14,15
True,6150,AWP,True,True,73,False,False,6100,Unknown,False,False,0,False,False,5850,Unknown,False,False,0,False,False,6100,Unknown,False,False,0,False,False,7650,Unknown,False,False,0,False,False,5100,Unknown,False,False,0,False,7350,Unknown,False,False,0,False,4900,Unknown,False,False,0,True,4600,AK47,True,True,94,True,7050,Knife,True,True,97,False,de_nuke,42.5013,B,14,14,15
True,6150,AWP,True,True,73,False,False,6100,Unknown,False,False,0,False,False,5850,Unknown,False,False,0,False,False,6100,Unknown,False,False,0,False,False,7650,Unknown,False,False,0,False,False,5100,Unknown,False,False,0,False,7350,Unknown,False,False,0,False,4900,Unknown,False,False,0,True,4600,AK47,True,True,94,True,7050,AWP,True,True,97,False,de_nuke,43.50171,B,14,14,15
True,6150,AWP,True,True,73,False,False,6100,Unknown,False,False,0,False,False,5850,Unknown,False,False,0,False,False,6100,Unknown,False,False,0,False,False,7650,Unknown,False,False,0,False,False,5100,Unknown,False,False,0,False,7350,Unknown,False,False,0,False,4900,Unknown,False,False,0,True,4600,AK47,True,True,94,True,7050,AWP,True,True,97,False,de_nuke,44.5021,B,14,14,15
True,6150,AWP,True,True,73,False,False,6100,Unknown,False,False,0,False,False,5850,Unknown,False,False,0,False,False,6100,Unknown,False,False,0,False,False,7650,Unknown,False,False,0,False,False,5100,Unknown,False,False,0,False,7350,Unknown,False,False,0,False,4900,Unknown,False,False,0,True,4600,AK47,True,True,94,True,7050,AWP,True,True,97,False,de_nuke,45.5025,B,14,14,15
True,6150,AWP,True,True,100,False,True,200,Knife,False,False,100,False,True,200,USP,False,False,100,False,True,200,P2000,False,False,100,False,True,200,USP,False,False,100,False,True,200,Glock,False,False,100,True,200,Bomb,False,False,100,True,200,Glock,False,False,100,True,3900,AK47,True,True,100,True,6550,AWP,True,True,100,False,de_nuke,46.5029,B,14,14,15
True,6150,AWP,True,True,100,False,True,200,Knife,False,False,100,False,True,5600,USP,True,True,100,True,True,4700,Knife,True,True,100,True,True,200,USP,False,False,100,False,True,200,Glock,False,False,100,True,200,Knife,False,False,100,True,200,Glock,False,False,100,True,3900,AK47,True,True,100,True,6550,AWP,True,True,100,False,de_nuke,47.5033,B,14,14,15
True,6150,USP,True,True,100,False,True,200,Knife,False,False,100,False,True,6100,M4A4,True,True,100,True,True,5900,Incendiary,True,True,100,True,True,200,Knife,False,False,100,False,True,200,Glock,False,False,100,True,3900,Knife,True,True,100,True,200,Glock,False,False,100,True,3900,AK47,True,True,100,True,6550,AWP,True,True,100,False,de_nuke,48.5037,B,14,14,15
True,4500,Knife,True,True,100,False,True,200,Knife,False,False,100,False,True,6300,M4A4,True,True,100,True,True,6100,Knife,True,True,100,True,True,4950,Knife,False,False,100,False,True,200,Glock,False,False,100,True,3900,Knife,True,True,100,True,200,Glock,False,False,100,True,3900,AK47,True,True,100,True,6550,AWP,True,True,100,False,de_nuke,49.50409,B,14,14,15
True,5700,Knife,True,True,100,False,True,3300,Knife,False,False,100,False,True,6600,Knife,True,True,100,True,True,6100,Knife,True,True,100,True,True,5600,AWP,False,True,100,False,True,200,Glock,False,False,100,True,4600,Molotov,True,True,100,True,200,Glock,False,False,100,True,3900,AK47,True,True,100,True,6550,AWP,True,True,100,False,de_nuke,50.50449,B,14,14,15
True,6100,Knife,True,True,100,True,True,4700,Knife,True,True,100,True,True,4700,UMP,True,True,100,True,True,6100,Knife,True,True,100,True,True,6900,Knife,False,True,100,False,True,200,Glock,False,False,100,True,5000,Knife,True,True,100,True,1200,Glock,True,True,100,True,3900,AK47,True,True,100,True,6550,Glock,True,True,100,False,de_nuke,51.50489,B,14,14,15
True,6100,Knife,True,True,100,True,True,5900,Incendiary,True,True,100,True,True,6600,Knife,True,True,100,True,True,6100,Knife,True,True,100,True,True,7300,Knife,False,True,100,True,True,200,Glock,False,False,100,True,5000,Knife,True,True,100,True,1200,Glock,True,True,100,True,3900,Knife,True,True,100,True,6550,AWP,True,True,100,False,de_nuke,52.50529,B,14,14,15
True,6100,Knife,True,True,100,True,True,6100,Knife,True,True,100,True,True,6600,Knife,True,True,100,True,True,6100,Knife,True,True,100,True,True,7300,AWP,False,True,100,True,True,2900,Knife,False,False,100,True,5000,Knife,True,True,100,True,1200,Glock,True,True,100,True,3900,Knife,True,True,100,True,4500,Glock,True,True,100,False,de_nuke,53.50569,B,14,14,15
True,6100,Knife,True,True,100,True,True,6100,Knife,True,True,100,True,True,6600,Knife,True,True,100,True,True,6100,Knife,True,True,100,True,True,7300,Knife,False,True,100,True,True,4800,Molotov,True,True,100,True,5000,Knife,True,True,100,True,1200,Glock,True,True,100,True,3900,Knife,True,True,100,True,6550,AWP,True,True,100,False,de_nuke,54.50609,B,14,14,15
True,6100,Knife,True,True,100,True,True,6100,Knife,True,True,100,True,True,6600,Zeus,True,True,100,True,True,6100,Knife,True,True,100,True,True,7300,Knife,False,True,100,True,True,5100,Knife,True,True,100,True,5000,Knife,True,True,100,True,1200,Glock,True,True,100,True,3900,Glock,True,True,100,True,6550,Glock,True,True,100,False,de_nuke,55.50648,B,14,14,15
True,6100,Knife,True,True,100,True,True,6100,Smoke,True,True,100,True,True,6600,Knife,True,True,100,True,True,6100,Knife,True,True,100,True,True,7300,Knife,False,True,100,True,True,5100,Knife,True,True,100,True,5000,Knife,True,True,100,True,3900,Glock,True,True,100,True,3900,Knife,True,True,100,True,6550,Glock,True,True,100,False,de_nuke,56.50689,B,14,14,15
True,6100,Knife,True,True,100,True,True,6100,Knife,True,True,100,True,True,6600,Zeus,True,True,100,True,True,6100,Knife,True,True,100,True,True,7300,Knife,False,True,100,True,True,5100,Knife,True,True,100,True,5000,Knife,True,True,100,True,3900,AK47,True,True,100,True,3900,Knife,True,True,100,True,7050,Knife,True,True,100,False,de_nuke,57.50728,B,14,14,15
True,6100,Knife,True,True,100,True,True,6100,Knife,True,True,100,True,True,6600,Zeus,True,True,100,True,True,6100,Knife,True,True,100,True,True,7300,Knife,False,True,100,True,True,5100,Knife,True,True,100,True,5000,AK47,True,True,100,True,4600,AK47,True,True,100,True,5000,Molotov,True,True,100,True,7050,Knife,True,True,100,False,de_nuke,58.50768,B,14,14,15
True,6100,Knife,True,True,100,True,True,6100,Knife,True,True,100,True,True,6600,Zeus,True,True,100,True,True,6100,Knife,True,True,100,True,True,7300,Knife,False,True,100,True,True,5100,Knife,True,True,100,True,5000,AK47,True,True,100,True,5000,AK47,True,True,100,True,5000,Molotov,True,True,100,True,7050,Knife,True,True,100,False,de_nuke,59.50808,B,14,14,15
True,6100,Knife,True,True,100,True,True,6100,Knife,True,True,100,True,True,6600,Zeus,True,True,100,True,True,6100,Knife,True,True,100,True,True,7300,Knife,False,True,100,True,True,5100,Flash,True,True,100,True,5000,Knife,True,True,100,True,5000,Smoke,True,True,100,True,5000,Knife,True,True,100,True,7050,Knife,True,True,100,False,de_nuke,60.50848,B,14,14,15
True,6100,Knife,True,True,60,True,True,6100,M4A4,True,True,100,True,False,6600,Unknown,False,False,0,False,False,6100,Unknown,False,False,0,False,False,7300,Unknown,False,False,0,False,True,5100,AK47,True,True,50,True,5000,AK47,True,True,100,True,4800,AK47,True,True,100,True,4400,AK47,True,True,100,True,7050,AWP,True,True,100,False,de_nuke,0.5314617,A,15,15,15
True,6100,M4A4,True,True,60,True,True,6100,M4A4,True,True,100,True,False,6600,Unknown,False,False,0,False,False,6100,Unknown,False,False,0,False,False,7300,Unknown,False,False,0,False,True,5100,AK47,True,True,50,True,5000,AK47,True,True,100,True,4800,AK47,True,True,100,True,4400,AK47,True,True,100,True,7050,AWP,True,True,100,False,de_nuke,1.53186,A,15,15,15
True,6100,M4A4,True,True,60,True,True,6100,M4A4,True,True,100,True,False,6600,Unknown,False,False,0,False,False,6100,Unknown,False,False,0,False,False,7300,Unknown,False,False,0,False,True,5100,AK47,True,True,50,True,5000,AK47,True,True,100,True,4800,AK47,True,True,100,True,4400,AK47,True,True,100,True,7050,AWP,True,True,100,False,de_nuke,2.532259,A,15,15,15
True,6100,M4A4,True,True,60,True,True,6100,M4A4,True,True,100,True,False,6600,Unknown,False,False,0,False,False,6100,Unknown,False,False,0,False,False,7300,Unknown,False,False,0,False,True,5100,AK47,True,True,50,True,5000,AK47,True,True,100,True,4800,AK47,True,True,100,True,4400,AK47,True,True,100,True,7050,AWP,True,True,100,False,de_nuke,3.532657,A,15,15,15
True,6100,M4A4,True,True,60,True,True,6100,M4A4,True,True,100,True,False,6600,Unknown,False,False,0,False,False,6100,Unknown,False,False,0,False,False,7300,Unknown,False,False,0,False,True,5100,AK47,True,True,50,True,5000,AK47,True,True,100,True,4800,AK47,True,True,100,True,4400,AK47,True,True,100,True,7050,AWP,True,True,100,False,de_nuke,4.533056,A,15,15,15
True,6100,M4A4,True,True,60,True,True,6100,M4A4,True,True,100,True,False,6600,Unknown,False,False,0,False,False,6100,Unknown,False,False,0,False,False,7300,Unknown,False,False,0,False,True,5100,AK47,True,True,50,True,5000,Knife,True,True,100,True,4800,AK47,True,True,100,True,4400,AK47,True,True,100,True,7050,AWP,True,True,100,False,de_nuke,5.533454,A,15,15,15
True,6100,M4A4,True,True,60,True,True,6100,M4A4,True,True,100,True,False,6600,Unknown,False,False,0,False,False,6100,Unknown,False,False,0,False,False,7300,Unknown,False,False,0,False,True,5100,AK47,True,True,50,True,5000,Knife,True,True,100,True,4800,AK47,True,True,100,True,4400,AK47,True,True,100,True,7050,AWP,True,True,100,False,de_nuke,6.533853,A,15,15,15
True,6100,M4A4,True,True,60,True,True,6100,M4A4,True,True,100,True,False,6600,Unknown,False,False,0,False,False,6100,Unknown,False,False,0,False,False,7300,Unknown,False,False,0,False,True,5100,AK47,True,True,50,True,5000,AK47,True,True,100,True,4800,AK47,True,True,100,True,4400,AK47,True,True,100,True,7050,AWP,True,True,100,False,de_nuke,7.534251,A,15,15,15
True,6100,M4A4,True,True,60,True,True,6100,M4A4,True,True,100,True,False,6600,Unknown,False,False,0,False,False,6100,Unknown,False,False,0,False,False,7300,Unknown,False,False,0,False,True,5100,AK47,True,True,50,True,5000,AK47,True,True,100,True,4800,AK47,True,True,100,True,4400,AK47,True,True,100,True,7050,AWP,True,True,100,False,de_nuke,8.53465,A,15,15,15
True,6100,M4A4,True,True,60,True,True,6100,M4A4,True,True,100,True,False,6600,Unknown,False,False,0,False,False,6100,Unknown,False,False,0,False,False,7300,Unknown,False,False,0,False,True,5100,AK47,True,True,50,True,5000,AK47,True,True,100,True,4800,AK47,True,True,100,True,4400,AK47,True,True,100,True,7050,AWP,True,True,100,False,de_nuke,9.535048,A,15,15,15
True,6950,Knife,True,True,60,True,True,6100,M4A4,True,True,100,True,False,6600,Unknown,False,False,0,False,False,6100,Unknown,False,False,0,False,False,7300,Unknown,False,False,0,False,True,5100,AK47,True,True,50,True,5000,AK47,True,True,100,True,4800,AK47,True,True,100,True,4400,AK47,True,True,100,True,7050,AWP,True,True,100,False,de_nuke,10.53545,A,15,15,15
True,6950,Knife,True,True,60,True,True,6100,M4A4,True,True,100,True,False,6600,Unknown,False,False,0,False,False,6100,Unknown,False,False,0,False,False,7300,Unknown,False,False,0,False,True,5100,AK47,True,True,50,True,5000,AK47,True,True,100,True,4800,AK47,True,True,100,True,4400,AK47,True,True,100,True,7050,AWP,True,True,100,False,de_nuke,11.53584,A,15,15,15
True,6950,AWP,True,True,60,True,True,6100,M4A4,True,True,100,True,False,6600,Unknown,False,False,0,False,False,6100,Unknown,False,False,0,False,False,7300,Unknown,False,False,0,False,True,5100,AK47,True,True,50,True,5000,AK47,True,True,100,True,4800,AK47,True,True,100,True,4400,AK47,True,True,100,True,7050,AWP,True,True,100,False,de_nuke,12.53624,A,15,15,15
True,6950,Knife,True,True,60,True,True,6100,M4A4,True,True,100,True,False,6600,Unknown,False,False,0,False,False,6100,Unknown,False,False,0,False,False,7300,Unknown,False,False,0,False,True,5100,Knife,True,True,50,True,5000,AK47,True,True,100,True,4800,AK47,True,True,100,True,4400,AK47,True,True,100,True,7050,AWP,True,True,100,False,de_nuke,13.53664,A,15,15,15
True,6950,Knife,True,True,60,True,True,6100,Knife,True,True,100,True,False,6600,Unknown,False,False,0,False,False,6100,Unknown,False,False,0,False,False,7300,Unknown,False,False,0,False,True,5100,Knife,True,True,50,True,5000,AK47,True,True,100,True,4800,AK47,True,True,100,True,4400,AK47,True,True,100,True,7050,AWP,True,True,100,False,de_nuke,14.53704,A,15,15,15
True,6950,Knife,True,True,60,True,True,6100,Knife,True,True,100,True,False,6600,Unknown,False,False,0,False,False,6100,Unknown,False,False,0,False,False,7300,Unknown,False,False,0,False,True,5100,AK47,True,True,50,True,5000,AK47,True,True,100,True,4800,AK47,True,True,100,True,4400,AK47,True,True,100,True,7050,Flash,True,True,100,False,de_nuke,15.53744,A,15,15,15
True,6950,Knife,True,True,60,True,True,6100,Knife,True,True,100,True,False,6600,Unknown,False,False,0,False,False,6100,Unknown,False,False,0,False,False,7300,Unknown,False,False,0,False,True,5100,AK47,True,True,50,True,5000,AK47,True,True,100,True,4800,AK47,True,True,100,True,4400,AK47,True,True,100,True,7050,Flash,True,True,100,False,de_nuke,16.53784,A,15,15,15
True,6950,AWP,True,True,60,True,True,6100,Knife,True,True,100,True,False,6600,Unknown,False,False,0,False,False,6100,Unknown,False,False,0,False,False,7300,Unknown,False,False,0,False,True,5100,AK47,True,True,50,True,5000,AK47,True,True,100,True,4800,AK47,True,True,100,True,4400,Knife,True,True,100,True,7050,AWP,True,True,100,False,de_nuke,17.53824,A,15,15,15
True,6950,AWP,True,True,60,True,True,6100,Knife,True,True,100,True,False,6600,Unknown,False,False,0,False,False,6100,Unknown,False,False,0,False,False,7300,Unknown,False,False,0,False,True,5100,AK47,True,True,50,True,5000,AK47,True,True,100,True,4800,AK47,True,True,100,True,4400,Knife,True,True,100,True,7050,Flash,True,True,100,False,de_nuke,18.53864,A,15,15,15
True,6950,AWP,True,True,60,True,True,6100,M4A4,True,True,100,True,False,6600,Unknown,False,False,0,False,False,6100,Unknown,False,False,0,False,False,7300,Unknown,False,False,0,False,True,5100,AK47,True,True,50,True,5000,AK47,True,True,100,True,4800,AK47,True,True,100,True,4400,AK47,True,True,100,True,7050,Knife,True,True,100,False,de_nuke,19.53903,A,15,15,15
True,6950,AWP,True,True,60,True,True,6100,M4A4,True,True,100,True,False,6600,Unknown,False,False,0,False,False,6100,Unknown,False,False,0,False,False,7300,Unknown,False,False,0,False,True,5100,AK47,True,True,50,True,5000,AK47,True,True,100,True,4800,AK47,True,True,100,True,4400,AK47,True,True,100,True,7050,Knife,True,True,100,False,de_nuke,20.53943,A,15,15,15
True,6950,AWP,True,True,60,True,True,6100,M4A4,True,True,100,True,False,6600,Unknown,False,False,0,False,False,6100,Unknown,False,False,0,False,False,7300,Unknown,False,False,0,False,True,5100,AK47,True,True,50,True,5000,AK47,True,True,100,True,4800,AK47,True,True,100,True,4400,AK47,True,True,100,True,7050,AWP,True,True,100,False,de_nuke,21.53983,A,15,15,15
True,6950,AWP,True,True,60,True,True,6100,Knife,True,True,100,True,False,6600,Unknown,False,False,0,False,False,6100,Unknown,False,False,0,False,False,7300,Unknown,False,False,0,False,True,5100,AK47,True,True,50,True,5000,AK47,True,True,100,True,4800,AK47,True,True,100,True,4400,AK47,True,True,100,True,7050,AWP,True,True,100,False,de_nuke,22.54023,A,15,15,15
True,6950,AWP,True,True,60,True,True,6100,Knife,True,True,100,True,False,6600,Unknown,False,False,0,False,False,6100,Unknown,False,False,0,False,False,7300,Unknown,False,False,0,False,True,5100,AK47,True,True,50,True,5000,AK47,True,True,100,True,4800,AK47,True,True,100,True,4400,AK47,True,True,100,True,7050,AWP,True,True,100,False,de_nuke,23.54063,A,15,15,15
True,6950,AWP,True,True,60,True,True,6100,Flash,True,True,100,True,False,6600,Unknown,False,False,0,False,False,6100,Unknown,False,False,0,False,False,7300,Unknown,False,False,0,False,True,5100,AK47,True,True,50,True,5000,AK47,True,True,100,True,4800,AK47,True,True,100,True,4400,AK47,True,True,100,True,7050,AWP,True,True,100,False,de_nuke,24.54103,A,15,15,15
True,6950,AWP,True,True,60,True,True,6100,Knife,True,True,100,True,False,6600,Unknown,False,False,0,False,False,6100,Unknown,False,False,0,False,False,7300,Unknown,False,False,0,False,True,5100,AK47,True,True,50,True,5000,AK47,True,True,100,True,4800,AK47,True,True,100,True,4400,AK47,True,True,100,True,7050,AWP,True,True,100,False,de_nuke,25.54142,A,15,15,15
True,6950,AWP,True,True,60,True,True,6100,M4A4,True,True,100,True,False,6600,Unknown,False,False,0,False,False,6100,Unknown,False,False,0,False,False,7300,Unknown,False,False,0,False,True,5100,AK47,True,True,50,True,5000,AK47,True,True,100,True,4800,AK47,True,True,100,True,4400,AK47,True,True,100,True,7050,AWP,True,True,100,False,de_nuke,26.54182,A,15,15,15
True,6950,AWP,True,True,60,True,True,6100,M4A4,True,True,100,True,False,6600,Unknown,False,False,0,False,False,6100,Unknown,False,False,0,False,False,7300,Unknown,False,False,0,False,True,5100,AK47,True,True,50,True,5000,AK47,True,True,100,True,4800,AK47,True,True,100,True,4400,Knife,True,True,100,True,7050,AWP,True,True,100,False,de_nuke,27.54222,A,15,15,15
True,6950,AWP,True,True,60,True,True,6100,M4A4,True,True,100,True,False,6600,Unknown,False,False,0,False,False,6100,Unknown,False,False,0,False,False,7300,Unknown,False,False,0,False,True,5100,AK47,True,True,50,True,5000,AK47,True,True,100,True,4800,AK47,True,True,100,True,4400,AK47,True,True,100,True,7050,AWP,True,True,100,False,de_nuke,28.54262,A,15,15,15
True,6950,AWP,True,True,60,True,True,6100,M4A4,True,True,100,True,False,6600,Unknown,False,False,0,False,False,6100,Unknown,False,False,0,False,False,7300,Unknown,False,False,0,False,True,5100,AK47,True,True,50,True,5000,AK47,True,True,100,True,4800,AK47,True,True,100,True,4400,AK47,True,True,100,True,7050,AWP,True,True,100,False,de_nuke,29.54302,A,15,15,15
True,6950,AWP,True,True,60,True,True,6100,M4A4,True,True,100,True,False,6600,Unknown,False,False,0,False,False,6100,Unknown,False,False,0,False,False,7300,Unknown,False,False,0,False,True,5100,Knife,True,True,50,True,5000,AK47,True,True,100,True,4800,AK47,True,True,100,True,4400,AK47,True,True,100,True,7050,AWP,True,True,100,False,de_nuke,30.54342,A,15,15,15
True,6950,AWP,True,True,60,True,True,6100,M4A4,True,True,100,True,False,6600,Unknown,False,False,0,False,False,6100,Unknown,False,False,0,False,False,7300,Unknown,False,False,0,False,True,5100,Knife,True,True,50,True,5000,AK47,True,True,100,True,4800,AK47,True,True,100,True,4400,AK47,True,True,100,True,7050,AWP,True,True,100,False,de_nuke,31.54382,A,15,15,15
True,6950,AWP,True,True,60,True,True,6100,Flash,True,True,100,True,False,6600,Unknown,False,False,0,False,False,6100,Unknown,False,False,0,False,False,7300,Unknown,False,False,0,False,True,5100,AK47,True,True,50,True,5000,AK47,True,True,100,True,4800,AK47,True,True,100,True,4400,AK47,True,True,100,True,7050,Knife,True,True,100,False,de_nuke,32.54421,A,15,15,15
True,6950,AWP,True,True,60,True,True,6100,Flash,True,True,100,True,False,6600,Unknown,False,False,0,False,False,6100,Unknown,False,False,0,False,False,7300,Unknown,False,False,0,False,True,5100,AK47,True,True,50,True,5000,Knife,True,True,100,True,4800,AK47,True,True,100,True,4400,AK47,True,True,100,True,7050,Knife,True,True,100,False,de_nuke,33.54461,A,15,15,15
True,6950,AWP,True,True,60,True,True,6100,M4A4,True,True,100,True,False,6600,Unknown,False,False,0,False,False,6100,Unknown,False,False,0,False,False,7300,Unknown,False,False,0,False,True,5100,AK47,True,True,50,True,5000,AK47,True,True,100,True,4800,AK47,True,True,100,True,4400,AK47,True,True,100,True,7050,Knife,True,True,100,False,de_nuke,34.54501,A,15,15,15
True,6950,AWP,True,True,60,True,True,6100,Knife,True,True,100,True,False,6600,Unknown,False,False,0,False,False,6100,Unknown,False,False,0,False,False,7300,Unknown,False,False,0,False,True,5100,AK47,True,True,50,True,5000,AK47,True,True,100,True,4800,Knife,True,True,100,True,4400,AK47,True,True,100,True,7050,Knife,True,True,100,False,de_nuke,35.54541,A,15,15,15
True,6950,AWP,True,True,60,True,True,6100,M4A4,True,True,100,True,False,6600,Unknown,False,False,0,False,False,6100,Unknown,False,False,0,False,False,7300,Unknown,False,False,0,False,True,5100,AK47,True,True,50,True,5000,AK47,True,True,100,True,4800,Knife,True,True,100,True,4400,AK47,True,True,100,True,7050,Knife,True,True,100,False,de_nuke,36.54581,A,15,15,15
True,6950,AWP,True,True,60,True,True,6100,M4A4,True,True,100,True,False,6600,Unknown,False,False,0,False,False,6100,Unknown,False,False,0,False,False,7300,Unknown,False,False,0,False,True,5100,AK47,True,True,50,True,5000,Knife,True,True,100,True,4800,Knife,True,True,100,True,4400,AK47,True,True,100,True,7050,AWP,True,True,100,False,de_nuke,37.54621,A,15,15,15
True,6950,AWP,True,True,60,True,True,6100,M4A4,True,True,100,True,False,6600,Unknown,False,False,0,False,False,6100,Unknown,False,False,0,False,False,7300,Unknown,False,False,0,False,True,5100,AK47,True,True,50,True,5000,Smoke,True,True,100,True,4800,AK47,True,True,100,True,4400,AK47,True,True,100,True,7050,Knife,True,True,100,False,de_nuke,38.5466,A,15,15,15
True,6950,AWP,True,True,60,True,True,6100,M4A4,True,True,100,True,False,6600,Unknown,False,False,0,False,False,6100,Unknown,False,False,0,False,False,7300,Unknown,False,False,0,False,True,5100,AK47,True,True,50,True,5000,Smoke,True,True,100,True,4800,AK47,True,True,100,True,4400,AK47,True,True,100,True,7050,Knife,True,True,100,False,de_nuke,39.547,A,15,15,15
True,6950,AWP,True,True,60,True,True,6100,M4A4,True,True,100,True,False,6600,Unknown,False,False,0,False,False,6100,Unknown,False,False,0,False,False,7300,Unknown,False,False,0,False,True,5100,AK47,True,True,50,True,5000,Smoke,True,True,100,True,4800,Knife,True,True,100,True,4400,AK47,True,True,100,True,7050,Knife,True,True,100,False,de_nuke,40.5474,A,15,15,15
False,6100,Unknown,False,False,0,False,False,8050,Unknown,False,False,0,False,False,6300,Unknown,False,False,0,False,False,5700,Unknown,False,False,0,False,True,7950,CZ,True,True,100,True,False,5400,Unknown,False,False,0,True,4600,AK47,True,True,82,False,4900,Unknown,False,False,0,False,5600,Unknown,False,False,0,False,7550,Unknown,False,False,0,True,de_nuke,0.5158305,A,16,1,15
False,6100,Unknown,False,False,0,False,False,8050,Unknown,False,False,0,False,False,6300,Unknown,False,False,0,False,False,5700,Unknown,False,False,0,False,True,7950,CZ,True,True,100,True,False,5400,Unknown,False,False,0,True,4600,AK47,True,True,82,False,4900,Unknown,False,False,0,False,5600,Unknown,False,False,0,False,7550,Unknown,False,False,0,True,de_nuke,1.516229,A,16,1,15
False,6100,Unknown,False,False,0,False,False,8050,Unknown,False,False,0,False,False,6300,Unknown,False,False,0,False,False,5700,Unknown,False,False,0,False,True,7950,CZ,True,True,100,True,False,5400,Unknown,False,False,0,True,4600,AK47,True,True,82,False,4900,Unknown,False,False,0,False,5600,Unknown,False,False,0,False,7550,Unknown,False,False,0,True,de_nuke,2.516628,A,16,1,15
False,6100,Unknown,False,False,0,False,False,8050,Unknown,False,False,0,False,False,6300,Unknown,False,False,0,False,False,5700,Unknown,False,False,0,False,True,7950,CZ,True,True,79,True,False,5400,Unknown,False,False,0,True,4600,AK47,True,True,82,False,4900,Unknown,False,False,0,False,5600,Unknown,False,False,0,False,7550,Unknown,False,False,0,True,de_nuke,3.517026,A,16,1,15
False,6100,Unknown,False,False,0,False,False,8050,Unknown,False,False,0,False,False,6300,Unknown,False,False,0,False,False,5700,Unknown,False,False,0,False,True,7950,CZ,True,True,79,True,False,5400,Unknown,False,False,0,True,4600,AK47,True,True,82,False,4900,Unknown,False,False,0,False,5600,Unknown,False,False,0,False,7550,Unknown,False,False,0,True,de_nuke,4.517425,A,16,1,15
False,6100,Unknown,False,False,0,False,False,8050,Unknown,False,False,0,False,False,6300,Unknown,False,False,0,False,False,5700,Unknown,False,False,0,False,True,7950,CZ,True,True,79,True,False,5400,Unknown,False,False,0,True,4600,AK47,True,True,82,False,4900,Unknown,False,False,0,False,5600,Unknown,False,False,0,False,7550,Unknown,False,False,0,True,de_nuke,5.517823,A,16,1,15
False,6100,Unknown,False,False,0,False,False,8050,Unknown,False,False,0,False,False,6300,Unknown,False,False,0,False,False,5700,Unknown,False,False,0,False,True,7950,CZ,True,True,79,True,False,5400,Unknown,False,False,0,True,4600,AK47,True,True,82,False,4900,Unknown,False,False,0,False,5600,Unknown,False,False,0,False,7550,Unknown,False,False,0,True,de_nuke,6.518221,A,16,1,15
False,6100,Unknown,False,False,0,False,False,8050,Unknown,False,False,0,False,False,6300,Unknown,False,False,0,False,False,5700,Unknown,False,False,0,False,True,7950,CZ,True,True,79,True,False,5400,Unknown,False,False,0,True,4600,AK47,True,True,82,False,4900,Unknown,False,False,0,False,5600,Unknown,False,False,0,False,7550,Unknown,False,False,0,True,de_nuke,7.51862,A,16,1,15
False,6100,Unknown,False,False,0,False,False,8050,Unknown,False,False,0,False,False,6300,Unknown,False,False,0,False,False,5700,Unknown,False,False,0,False,True,7950,CZ,True,True,79,True,False,5400,Unknown,False,False,0,True,4600,AK47,True,True,82,False,4900,Unknown,False,False,0,False,5600,Unknown,False,False,0,False,7550,Unknown,False,False,0,True,de_nuke,8.519018,A,16,1,15
False,6100,Unknown,False,False,0,False,False,8050,Unknown,False,False,0,False,False,6300,Unknown,False,False,0,False,False,5700,Unknown,False,False,0,False,True,7950,Knife,True,True,79,True,False,5400,Unknown,False,False,0,False,4600,Unknown,False,False,0,False,4900,Unknown,False,False,0,False,5600,Unknown,False,False,0,False,7550,Unknown,False,False,0,True,de_nuke,9.519417,A,16,1,15
False,6100,Unknown,False,False,0,False,False,8050,Unknown,False,False,0,False,False,6300,Unknown,False,False,0,False,False,5700,Unknown,False,False,0,False,True,7950,Knife,True,True,79,True,False,5400,Unknown,False,False,0,False,4600,Unknown,False,False,0,False,4900,Unknown,False,False,0,False,5600,Unknown,False,False,0,False,7550,Unknown,False,False,0,True,de_nuke,10.51982,A,16,1,15
False,6100,Unknown,False,False,0,False,False,8050,Unknown,False,False,0,False,False,6300,Unknown,False,False,0,False,False,5700,Unknown,False,False,0,False,True,7950,AWP,True,True,79,True,False,5400,Unknown,False,False,0,False,4600,Unknown,False,False,0,False,4900,Unknown,False,False,0,False,5600,Unknown,False,False,0,False,7550,Unknown,False,False,0,True,de_nuke,11.52021,A,16,1,15
False,6100,Unknown,False,False,0,False,False,8050,Unknown,False,False,0,False,False,6300,Unknown,False,False,0,False,False,5700,Unknown,False,False,0,False,True,7950,AWP,True,True,79,True,False,5400,Unknown,False,False,0,False,4600,Unknown,False,False,0,False,4900,Unknown,False,False,0,False,5600,Unknown,False,False,0,False,7550,Unknown,False,False,0,True,de_nuke,12.52061,A,16,1,15
False,6100,Unknown,False,False,0,False,False,8050,Unknown,False,False,0,False,False,6300,Unknown,False,False,0,False,False,5700,Unknown,False,False,0,False,True,7950,Knife,True,True,79,True,False,5400,Unknown,False,False,0,False,4600,Unknown,False,False,0,False,4900,Unknown,False,False,0,False,5600,Unknown,False,False,0,False,7550,Unknown,False,False,0,True,de_nuke,13.52101,A,16,1,15
False,6100,Unknown,False,False,0,False,False,8050,Unknown,False,False,0,False,False,6300,Unknown,False,False,0,False,False,5700,Unknown,False,False,0,False,True,7950,Knife,True,True,79,True,False,5400,Unknown,False,False,0,False,4600,Unknown,False,False,0,False,4900,Unknown,False,False,0,False,5600,Unknown,False,False,0,False,7550,Unknown,False,False,0,True,de_nuke,14.52141,A,16,1,15
False,6100,Unknown,False,False,0,False,False,8050,Unknown,False,False,0,False,False,6300,Unknown,False,False,0,False,False,5700,Unknown,False,False,0,False,True,7950,Knife,True,True,79,True,False,5400,Unknown,False,False,0,False,4600,Unknown,False,False,0,False,4900,Unknown,False,False,0,False,5600,Unknown,False,False,0,False,7550,Unknown,False,False,0,True,de_nuke,15.52181,A,16,1,15
False,5100,Unknown,False,False,0,False,False,5900,Unknown,False,False,0,False,True,5000,Knife,True,True,100,True,True,5800,AK47,True,True,79,True,False,6500,Unknown,False,False,0,False,True,1350,Deagle,False,True,40,False,1700,Unknown,False,False,0,False,4750,Unknown,False,False,0,False,4400,Unknown,False,False,0,False,4450,Unknown,False,False,0,True,de_nuke,0.2500996,B,19,4,15
False,5100,Unknown,False,False,0,False,False,5900,Unknown,False,False,0,False,True,5000,AK47,True,True,100,True,True,5800,AK47,True,True,79,True,False,6500,Unknown,False,False,0,False,True,1350,Knife,False,True,40,False,1700,Unknown,False,False,0,False,4750,Unknown,False,False,0,False,4400,Unknown,False,False,0,False,4450,Unknown,False,False,0,True,de_nuke,1.250498,B,19,4,15
False,5100,Unknown,False,False,0,False,False,5900,Unknown,False,False,0,False,True,5000,AK47,True,True,100,True,True,5800,AK47,True,True,79,True,False,6500,Unknown,False,False,0,False,True,1350,Knife,False,True,40,False,1700,Unknown,False,False,0,False,4750,Unknown,False,False,0,False,4400,Unknown,False,False,0,False,4450,Unknown,False,False,0,True,de_nuke,2.250897,B,19,4,15
False,5100,Unknown,False,False,0,False,False,5900,Unknown,False,False,0,False,True,5000,AK47,True,True,100,True,True,5800,AK47,True,True,79,True,False,6500,Unknown,False,False,0,False,True,1350,Knife,False,True,40,False,1700,Unknown,False,False,0,False,4750,Unknown,False,False,0,False,4400,Unknown,False,False,0,False,4450,Unknown,False,False,0,True,de_nuke,3.251295,B,19,4,15
False,5100,Unknown,False,False,0,False,False,5900,Unknown,False,False,0,False,True,5000,AK47,True,True,100,True,True,5800,AK47,True,True,79,True,False,6500,Unknown,False,False,0,False,True,1350,Deagle,False,True,40,False,1700,Unknown,False,False,0,False,4750,Unknown,False,False,0,False,4400,Unknown,False,False,0,False,4450,Unknown,False,False,0,True,de_nuke,4.251694,B,19,4,15
False,5100,Unknown,False,False,0,False,False,5900,Unknown,False,False,0,False,True,5000,AK47,True,True,100,True,True,5800,AK47,True,True,79,True,False,6500,Unknown,False,False,0,False,True,1350,Deagle,False,True,40,False,1700,Unknown,False,False,0,False,4750,Unknown,False,False,0,False,4400,Unknown,False,False,0,False,4450,Unknown,False,False,0,True,de_nuke,5.252092,B,19,4,15
False,5100,Unknown,False,False,0,False,False,5900,Unknown,False,False,0,False,True,5000,AK47,True,True,100,True,True,5800,AK47,True,True,79,True,False,6500,Unknown,False,False,0,False,True,1350,Deagle,False,True,14,False,1700,Unknown,False,False,0,False,4750,Unknown,False,False,0,False,4400,Unknown,False,False,0,False,4450,Unknown,False,False,0,True,de_nuke,6.252491,B,19,4,15
False,5100,Unknown,False,False,0,False,False,5900,Unknown,False,False,0,False,True,5000,AK47,True,True,100,True,False,5800,Unknown,False,False,0,False,False,6500,Unknown,False,False,0,False,False,1350,Unknown,False,False,0,False,1700,Unknown,False,False,0,False,4750,Unknown,False,False,0,False,4400,Unknown,False,False,0,False,4450,Unknown,False,False,0,True,de_nuke,7.252889,B,19,4,15
False,5100,Unknown,False,False,0,False,False,5900,Unknown,False,False,0,False,True,5300,Knife,True,True,100,True,False,5800,Unknown,False,False,0,False,False,6500,Unknown,False,False,0,False,False,1350,Unknown,False,False,0,False,1700,Unknown,False,False,0,False,4750,Unknown,False,False,0,False,4400,Unknown,False,False,0,False,4450,Unknown,False,False,0,True,de_nuke,8.253287,B,19,4,15
False,5100,Unknown,False,False,0,False,False,5900,Unknown,False,False,0,False,True,5300,Knife,True,True,100,True,False,5800,Unknown,False,False,0,False,False,6500,Unknown,False,False,0,False,False,1350,Unknown,False,False,0,False,1700,Unknown,False,False,0,False,4750,Unknown,False,False,0,False,4400,Unknown,False,False,0,False,4450,Unknown,False,False,0,True,de_nuke,9.253686,B,19,4,15
False,5100,Unknown,False,False,0,False,False,5900,Unknown,False,False,0,False,True,5300,Knife,True,True,100,True,False,5800,Unknown,False,False,0,False,False,6500,Unknown,False,False,0,False,False,1350,Unknown,False,False,0,False,1700,Unknown,False,False,0,False,4750,Unknown,False,False,0,False,4400,Unknown,False,False,0,False,4450,Unknown,False,False,0,True,de_nuke,10.25408,B,19,4,15
False,5100,Unknown,False,False,0,False,False,5900,Unknown,False,False,0,False,True,5300,Knife,True,True,100,True,False,5800,Unknown,False,False,0,False,False,6500,Unknown,False,False,0,False,False,1350,Unknown,False,False,0,False,1700,Unknown,False,False,0,False,4750,Unknown,False,False,0,False,4400,Unknown,False,False,0,False,4450,Unknown,False,False,0,True,de_nuke,11.25448,B,19,4,15
False,5100,Unknown,False,False,0,False,False,5900,Unknown,False,False,0,False,True,5300,Knife,True,True,100,True,False,5800,Unknown,False,False,0,False,False,6500,Unknown,False,False,0,False,False,1350,Unknown,False,False,0,False,1700,Unknown,False,False,0,False,4750,Unknown,False,False,0,False,4400,Unknown,False,False,0,False,4450,Unknown,False,False,0,True,de_nuke,12.25488,B,19,4,15
False,5100,Unknown,False,False,0,False,False,5900,Unknown,False,False,0,False,True,5300,Knife,True,True,100,True,False,5800,Unknown,False,False,0,False,False,6500,Unknown,False,False,0,False,False,1350,Unknown,False,False,0,False,1700,Unknown,False,False,0,False,4750,Unknown,False,False,0,False,4400,Unknown,False,False,0,False,4450,Unknown,False,False,0,True,de_nuke,13.25528,B,19,4,15
False,5100,Unknown,False,False,0,False,False,5900,Unknown,False,False,0,False,True,5300,Knife,True,True,100,True,False,5800,Unknown,False,False,0,False,False,6500,Unknown,False,False,0,False,False,1350,Unknown,False,False,0,False,1700,Unknown,False,False,0,False,4750,Unknown,False,False,0,False,4400,Unknown,False,False,0,False,4450,Unknown,False,False,0,True,de_nuke,14.25568,B,19,4,15
False,5700,Unknown,False,False,0,False,True,6000,M4A4,True,True,39,True,True,5700,M4A4,True,True,100,False,False,6100,Unknown,False,False,0,False,True,7250,AWP,True,True,100,False,False,2250,Unknown,False,False,0,True,2000,CZ,True,True,100,True,2200,CZ,False,True,91,True,4200,AK47,True,True,74,True,2800,Mac10,False,True,100,True,de_nuke,0.8128238,A,23,8,15
False,5700,Unknown,False,False,0,False,True,6000,M4A4,True,True,39,True,True,5700,M4A4,True,True,100,False,False,6100,Unknown,False,False,0,False,True,7250,AWP,True,True,100,False,False,2250,Unknown,False,False,0,True,2000,CZ,True,True,100,True,2200,CZ,False,True,91,True,4200,AK47,True,True,74,True,2800,Mac10,False,True,100,True,de_nuke,1.813222,A,23,8,15
False,5700,Unknown,False,False,0,False,True,6000,M4A4,True,True,39,True,True,5700,M4A4,True,True,100,False,False,6100,Unknown,False,False,0,False,True,7250,AWP,True,True,100,False,False,2250,Unknown,False,False,0,True,2000,CZ,True,True,100,True,2200,CZ,False,True,91,True,4200,AK47,True,True,74,True,2800,Mac10,False,True,100,True,de_nuke,2.813621,A,23,8,15
False,5700,Unknown,False,False,0,False,True,6000,M4A4,True,True,39,True,True,5700,M4A4,True,True,100,False,False,6100,Unknown,False,False,0,False,True,7250,AWP,True,True,100,False,False,2250,Unknown,False,False,0,True,2000,CZ,True,True,100,True,2200,CZ,False,True,91,True,4200,AK47,True,True,74,True,2800,Mac10,False,True,100,True,de_nuke,3.814019,A,23,8,15
False,5700,Unknown,False,False,0,False,True,6000,M4A4,True,True,39,True,True,5700,M4A4,True,True,100,False,False,6100,Unknown,False,False,0,False,True,7250,AWP,True,True,100,False,False,2250,Unknown,False,False,0,True,2000,CZ,True,True,100,True,2200,CZ,False,True,91,True,4200,AK47,True,True,74,True,2800,Mac10,False,True,100,True,de_nuke,4.814418,A,23,8,15
False,5700,Unknown,False,False,0,False,True,6000,M4A4,True,True,39,True,True,5700,M4A4,True,True,100,False,False,6100,Unknown,False,False,0,False,True,7250,AWP,True,True,100,False,False,2250,Unknown,False,False,0,True,2000,CZ,True,True,100,True,2200,CZ,False,True,91,True,4200,AK47,True,True,74,True,2800,Mac10,False,True,100,True,de_nuke,5.814816,A,23,8,15
False,5700,Unknown,False,False,0,False,True,6000,M4A4,True,True,39,True,True,5700,M4A4,True,True,100,False,False,6100,Unknown,False,False,0,False,True,7250,AWP,True,True,100,False,False,2250,Unknown,False,False,0,True,2000,CZ,True,True,100,True,2200,CZ,False,True,91,True,4200,AK47,True,True,74,True,2800,Mac10,False,True,100,True,de_nuke,6.815215,A,23,8,15
False,5700,Unknown,False,False,0,False,True,6000,M4A4,True,True,39,True,True,5700,M4A4,True,True,100,False,False,6100,Unknown,False,False,0,False,True,7250,AWP,True,True,100,False,False,2250,Unknown,False,False,0,True,2000,CZ,True,True,100,True,2200,CZ,False,True,91,True,4200,AK47,True,True,74,False,2800,Unknown,False,False,0,True,de_nuke,7.815613,A,23,8,15
False,5700,Unknown,False,False,0,False,True,6000,M4A4,True,True,39,True,True,5700,M4A4,True,True,100,False,False,6100,Unknown,False,False,0,False,True,7250,AWP,True,True,100,False,False,2250,Unknown,False,False,0,True,2000,CZ,True,True,100,True,2200,CZ,False,True,91,True,4200,AK47,True,True,74,False,2800,Unknown,False,False,0,True,de_nuke,8.816011,A,23,8,15
False,5700,Unknown,False,False,0,False,True,6000,M4A4,True,True,39,True,True,5700,M4A4,True,True,100,False,False,6100,Unknown,False,False,0,False,True,7250,AWP,True,True,100,False,False,2250,Unknown,False,False,0,True,2000,CZ,True,True,100,True,2200,CZ,False,True,91,True,4200,AK47,True,True,74,False,2800,Unknown,False,False,0,True,de_nuke,9.81641,A,23,8,15
False,5700,Unknown,False,False,0,False,True,6000,M4A4,True,True,39,True,True,5700,M4A4,True,True,100,False,False,6100,Unknown,False,False,0,False,True,7250,AWP,True,True,100,False,False,2250,Unknown,False,False,0,True,2000,CZ,True,True,100,True,2200,CZ,False,True,91,True,4200,AK47,True,True,74,False,2800,Unknown,False,False,0,True,de_nuke,10.81681,A,23,8,15
False,5700,Unknown,False,False,0,False,True,6000,M4A4,True,True,39,True,True,5700,M4A4,True,True,100,False,False,6100,Unknown,False,False,0,False,True,7250,AWP,True,True,100,False,False,2250,Unknown,False,False,0,True,2000,CZ,True,True,100,True,2200,CZ,False,True,91,True,4200,AK47,True,True,74,False,2800,Unknown,False,False,0,True,de_nuke,11.81721,A,23,8,15
False,5700,Unknown,False,False,0,False,True,6000,M4A4,True,True,39,True,True,5700,M4A4,True,True,100,False,False,6100,Unknown,False,False,0,False,True,7250,AWP,True,True,100,False,False,2250,Unknown,False,False,0,True,2000,CZ,True,True,100,True,2200,CZ,False,True,91,True,4200,AK47,True,True,74,False,2800,Unknown,False,False,0,True,de_nuke,12.81761,A,23,8,15
False,5700,Unknown,False,False,0,False,True,6000,M4A4,True,True,39,True,True,5700,M4A4,True,True,100,False,False,6100,Unknown,False,False,0,False,True,7250,Flash,True,True,100,False,False,2250,Unknown,False,False,0,True,2000,CZ,True,True,100,True,2200,CZ,False,True,91,True,4200,AK47,True,True,74,False,2800,Unknown,False,False,0,True,de_nuke,13.818,A,23,8,15
False,5700,Unknown,False,False,0,False,True,6000,M4A4,True,True,39,True,True,5700,Incendiary,True,True,100,False,False,6100,Unknown,False,False,0,False,True,7250,AWP,True,True,100,False,False,2250,Unknown,False,False,0,True,2000,CZ,True,True,100,True,2200,CZ,False,True,91,True,4200,AK47,True,True,74,False,2800,Unknown,False,False,0,True,de_nuke,14.8184,A,23,8,15
False,5700,Unknown,False,False,0,False,True,6000,M4A4,True,True,39,True,True,5700,M4A4,True,True,100,False,False,6100,Unknown,False,False,0,False,True,7250,AWP,True,True,100,False,False,2250,Unknown,False,False,0,True,2000,CZ,True,True,100,True,2200,CZ,False,True,91,True,4200,AK47,True,True,74,False,2800,Unknown,False,False,0,True,de_nuke,15.8188,A,23,8,15
False,5700,Unknown,False,False,0,False,True,6000,M4A4,True,True,39,True,True,5700,M4A4,True,True,100,False,False,6100,Unknown,False,False,0,False,True,7250,AWP,True,True,100,False,False,2250,Unknown,False,False,0,True,2000,CZ,True,True,100,True,2200,CZ,False,True,91,True,4200,AK47,True,True,74,False,2800,Unknown,False,False,0,True,de_nuke,16.8192,A,23,8,15
False,5700,Unknown,False,False,0,False,True,6000,M4A4,True,True,39,True,True,5700,M4A4,True,True,100,False,False,6100,Unknown,False,False,0,False,True,7250,AWP,True,True,100,False,False,2250,Unknown,False,False,0,True,2000,CZ,True,True,100,True,2200,CZ,False,True,1,True,4200,AK47,True,True,74,False,2800,Unknown,False,False,0,True,de_nuke,17.8196,A,23,8,15
False,5700,Unknown,False,False,0,False,True,6000,M4A4,True,True,39,True,True,5700,M4A4,True,True,100,False,False,6100,Unknown,False,False,0,False,True,7250,AWP,True,True,100,False,False,2250,Unknown,False,False,0,True,2000,CZ,True,True,100,True,2200,CZ,False,True,1,True,4200,AK47,True,True,74,False,2800,Unknown,False,False,0,True,de_nuke,18.82,A,23,8,15
False,5700,Unknown,False,False,0,False,True,6000,M4A4,True,True,39,True,True,5700,M4A4,True,True,78,False,False,6100,Unknown,False,False,0,False,True,7250,AWP,True,True,100,False,False,2250,Unknown,False,False,0,False,2000,Unknown,False,False,0,True,2200,CZ,False,True,1,True,4200,AK47,True,True,74,False,2800,Unknown,False,False,0,True,de_nuke,19.82039,A,23,8,15
False,5700,Unknown,False,False,0,False,True,6000,M4A4,True,True,39,True,True,5700,M4A4,True,True,78,False,False,6100,Unknown,False,False,0,False,True,7250,AWP,True,True,100,False,False,2250,Unknown,False,False,0,False,2000,Unknown,False,False,0,False,2200,Unknown,False,False,0,True,4200,AK47,True,True,74,False,2800,Unknown,False,False,0,True,de_nuke,20.82079,A,23,8,15
False,5700,Unknown,False,False,0,False,True,6000,M4A4,True,True,39,True,True,5700,M4A4,True,True,78,False,False,6100,Unknown,False,False,0,False,True,7250,AWP,True,True,100,False,False,2250,Unknown,False,False,0,False,2000,Unknown,False,False,0,False,2200,Unknown,False,False,0,True,4200,AK47,True,True,74,False,2800,Unknown,False,False,0,True,de_nuke,21.82119,A,23,8,15
False,5700,Unknown,False,False,0,False,True,6000,M4A4,True,True,39,True,True,5700,M4A4,True,True,78,False,False,6100,Unknown,False,False,0,False,True,7250,AWP,True,True,100,False,False,2250,Unknown,False,False,0,False,2000,Unknown,False,False,0,False,2200,Unknown,False,False,0,True,4200,AK47,True,True,74,False,2800,Unknown,False,False,0,True,de_nuke,22.82159,A,23,8,15
False,5700,Unknown,False,False,0,False,False,6000,Unknown,False,False,0,False,True,5700,M4A4,True,True,78,False,False,6100,Unknown,False,False,0,False,True,7250,AWP,True,True,100,False,False,2250,Unknown,False,False,0,False,2000,Unknown,False,False,0,False,2200,Unknown,False,False,0,True,4200,AK47,True,True,53,False,2800,Unknown,False,False,0,True,de_nuke,23.82199,A,23,8,15
False,5700,Unknown,False,False,0,False,False,6000,Unknown,False,False,0,False,True,5700,Knife,True,True,78,False,False,6100,Unknown,False,False,0,False,True,7250,USP,True,True,100,False,False,2250,Unknown,False,False,0,False,2000,Unknown,False,False,0,False,2200,Unknown,False,False,0,False,4200,Unknown,False,False,0,False,2800,Unknown,False,False,0,True,de_nuke,24.82239,A,23,8,15
False,5700,Unknown,False,False,0,False,False,6000,Unknown,False,False,0,False,True,5700,Knife,True,True,78,False,False,6100,Unknown,False,False,0,False,True,7250,Knife,True,True,100,False,False,2250,Unknown,False,False,0,False,2000,Unknown,False,False,0,False,2200,Unknown,False,False,0,False,4200,Unknown,False,False,0,False,2800,Unknown,False,False,0,True,de_nuke,25.82279,A,23,8,15
False,5700,Unknown,False,False,0,False,False,6000,Unknown,False,False,0,False,True,5700,Knife,True,True,78,False,False,6100,Unknown,False,False,0,False,True,6550,Knife,True,True,100,False,False,2250,Unknown,False,False,0,False,2000,Unknown,False,False,0,False,2200,Unknown,False,False,0,False,4200,Unknown,False,False,0,False,2800,Unknown,False,False,0,True,de_nuke,26.82318,A,23,8,15
False,5700,Unknown,False,False,0,False,False,6000,Unknown,False,False,0,False,True,4700,Knife,True,True,78,True,False,6100,Unknown,False,False,0,False,True,6550,Knife,True,True,100,False,False,2250,Unknown,False,False,0,False,2000,Unknown,False,False,0,False,2200,Unknown,False,False,0,False,4200,Unknown,False,False,0,False,2800,Unknown,False,False,0,True,de_nuke,27.82358,A,23,8,15
False,5700,Unknown,False,False,0,False,False,6000,Unknown,False,False,0,False,True,4700,Knife,True,True,78,True,False,6100,Unknown,False,False,0,False,True,6550,Knife,True,True,100,False,False,2250,Unknown,False,False,0,False,2000,Unknown,False,False,0,False,2200,Unknown,False,False,0,False,4200,Unknown,False,False,0,False,2800,Unknown,False,False,0,True,de_nuke,28.82398,A,23,8,15
False,5700,Unknown,False,False,0,False,False,6000,Unknown,False,False,0,False,True,4700,Knife,True,True,78,True,False,6100,Unknown,False,False,0,False,True,6550,Knife,True,True,100,False,False,2250,Unknown,False,False,0,False,2000,Unknown,False,False,0,False,2200,Unknown,False,False,0,False,4200,Unknown,False,False,0,False,2800,Unknown,False,False,0,True,de_nuke,29.82438,A,23,8,15
False,5700,Unknown,False,False,0,False,False,6000,Unknown,False,False,0,False,True,4700,Knife,True,True,78,True,False,6100,Unknown,False,False,0,False,True,6550,Knife,True,True,100,False,False,2250,Unknown,False,False,0,False,2000,Unknown,False,False,0,False,2200,Unknown,False,False,0,False,4200,Unknown,False,False,0,False,2800,Unknown,False,False,0,True,de_nuke,30.82478,A,23,8,15
False,5700,Unknown,False,False,0,False,False,6000,Unknown,False,False,0,False,True,4700,Knife,True,True,78,True,False,6100,Unknown,False,False,0,False,True,6550,Knife,True,True,100,False,False,2250,Unknown,False,False,0,False,2000,Unknown,False,False,0,False,2200,Unknown,False,False,0,False,4200,Unknown,False,False,0,False,2800,Unknown,False,False,0,True,de_nuke,31.82518,A,23,8,15
False,5700,Unknown,False,False,0,False,False,6000,Unknown,False,False,0,False,True,4700,Knife,True,True,78,True,False,6100,Unknown,False,False,0,False,True,6550,Knife,True,True,100,False,False,2250,Unknown,False,False,0,False,2000,Unknown,False,False,0,False,2200,Unknown,False,False,0,False,4200,Unknown,False,False,0,False,2800,Unknown,False,False,0,True,de_nuke,32.82558,A,23,8,15
False,5700,Unknown,False,False,0,False,False,6000,Unknown,False,False,0,False,True,4700,Knife,True,True,78,True,False,6100,Unknown,False,False,0,False,True,6950,Knife,True,True,100,True,False,2250,Unknown,False,False,0,False,2000,Unknown,False,False,0,False,2200,Unknown,False,False,0,False,4200,Unknown,False,False,0,False,2800,Unknown,False,False,0,True,de_nuke,33.82597,A,23,8,15
False,5700,Unknown,False,False,0,False,False,6000,Unknown,False,False,0,False,True,4700,Knife,True,True,78,True,False,6100,Unknown,False,False,0,False,True,6950,Smoke,True,True,100,True,False,2250,Unknown,False,False,0,False,2000,Unknown,False,False,0,False,2200,Unknown,False,False,0,False,4200,Unknown,False,False,0,False,2800,Unknown,False,False,0,True,de_nuke,34.82637,A,23,8,15
False,5700,Unknown,False,False,0,False,False,6000,Unknown,False,False,0,False,True,4700,Knife,True,True,78,True,False,6100,Unknown,False,False,0,False,True,6950,Smoke,True,True,100,True,False,2250,Unknown,False,False,0,False,2000,Unknown,False,False,0,False,2200,Unknown,False,False,0,False,4200,Unknown,False,False,0,False,2800,Unknown,False,False,0,True,de_nuke,35.82677,A,23,8,15
False,5700,Unknown,False,False,0,False,False,6000,Unknown,False,False,0,False,True,4700,Knife,True,True,78,True,False,6100,Unknown,False,False,0,False,True,6950,Smoke,True,True,100,True,False,2250,Unknown,False,False,0,False,2000,Unknown,False,False,0,False,2200,Unknown,False,False,0,False,4200,Unknown,False,False,0,False,2800,Unknown,False,False,0,True,de_nuke,36.82717,A,23,8,15
True,200,USP,False,False,100,False,True,200,USP,False,False,100,False,True,4700,M4A4,True,True,100,True,True,200,USP,False,False,100,False,True,6950,Smoke,True,True,100,True,True,200,Bomb,False,False,100,True,200,Glock,False,False,100,True,200,Glock,False,False,100,True,200,Glock,False,False,100,True,200,Glock,False,False,100,True,de_nuke,37.82757,A,23,8,15
True,200,USP,False,False,100,False,True,200,USP,False,False,100,False,True,4700,M4A4,True,True,100,True,True,200,Knife,False,False,100,False,True,6950,CZ,True,True,100,True,True,200,Bomb,False,False,100,True,200,Knife,False,False,100,True,200,Knife,False,False,100,True,200,Knife,False,False,100,True,200,Knife,False,False,100,True,de_nuke,38.82796,A,23,8,15
True,3300,M4A4,False,False,100,False,True,200,Knife,False,False,100,False,True,4700,M4A4,True,True,100,True,True,200,Knife,False,False,100,False,True,6950,CZ,True,True,100,True,True,200,Bomb,False,False,100,True,200,Knife,False,False,100,True,200,Knife,False,False,100,True,200,Knife,False,False,100,True,200,Knife,False,False,100,True,de_nuke,39.82837,A,23,8,15
True,3300,Knife,False,False,100,False,True,200,Knife,False,False,100,False,True,4700,M4A4,True,True,100,True,True,200,Knife,False,False,100,False,True,6950,CZ,True,True,100,True,True,200,Bomb,False,False,100,True,200,Knife,False,False,100,True,200,Knife,False,False,100,True,200,Knife,False,False,100,True,200,Knife,False,False,100,True,de_nuke,40.82876,A,23,8,15
True,4700,M4A4,True,True,100,True,True,200,Knife,False,False,100,False,True,4700,M4A4,True,True,100,True,True,3300,Knife,False,False,100,False,True,6950,AWP,True,True,100,True,True,200,Bomb,False,False,100,True,200,Knife,False,False,100,True,200,Knife,False,False,100,True,200,Knife,False,False,100,True,200,Knife,False,False,100,True,de_nuke,41.82916,A,23,8,15
True,5900,M4A4,True,True,100,True,True,200,Knife,False,False,100,False,True,4700,M4A4,True,True,100,True,True,4300,Knife,True,True,100,False,True,6950,CZ,True,True,100,True,True,200,Bomb,False,False,100,True,200,Knife,False,False,100,True,200,Knife,False,False,100,True,200,Knife,False,False,100,True,200,Knife,False,False,100,True,de_nuke,42.82956,A,23,8,15
True,6100,Knife,True,True,100,True,True,200,Knife,False,False,100,False,True,4700,M4A4,True,True,100,True,True,6100,Incendiary,True,True,100,True,True,6950,CZ,True,True,100,True,True,200,Bomb,False,False,100,True,200,Knife,False,False,100,True,200,Knife,False,False,100,True,200,Knife,False,False,100,True,200,Knife,False,False,100,True,de_nuke,43.82996,A,23,8,15
True,6100,Knife,True,True,100,True,True,200,Knife,False,False,100,False,True,4700,M4A4,True,True,100,True,True,6100,Knife,True,True,100,True,True,7150,CZ,True,True,100,True,True,200,Bomb,False,False,100,True,200,Knife,False,False,100,True,200,Knife,False,False,100,True,200,Knife,False,False,100,True,200,Knife,False,False,100,True,de_nuke,44.83036,A,23,8,15
True,6100,Knife,True,True,100,True,True,1250,Knife,False,True,100,True,True,4700,M4A4,True,True,100,True,True,6100,Knife,True,True,100,True,True,7950,Knife,True,True,100,True,True,200,Bomb,False,False,100,True,200,Knife,False,False,100,True,200,Knife,False,False,100,True,200,Knife,False,False,100,True,200,Knife,False,False,100,True,de_nuke,45.83076,A,23,8,15
True,6100,Knife,True,True,100,True,True,1250,USP,False,True,100,True,True,4700,M4A4,True,True,100,True,True,6100,Knife,True,True,100,True,True,7950,Knife,True,True,100,True,True,200,Bomb,False,False,100,True,200,Knife,False,False,100,True,200,Knife,False,False,100,True,200,Knife,False,False,100,True,200,Knife,False,False,100,True,de_nuke,46.83115,A,23,8,15
True,6100,Knife,True,True,100,True,True,1250,Knife,False,True,100,True,True,4700,M4A4,True,True,100,True,True,6100,M4A4,True,True,100,True,True,7950,Knife,True,True,100,True,True,200,Bomb,False,False,100,True,200,Knife,False,False,100,True,200,Knife,False,False,100,True,200,Knife,False,False,100,True,200,Knife,False,False,100,True,de_nuke,47.83155,A,23,8,15
True,6100,Knife,True,True,100,True,True,4350,Knife,False,True,100,True,True,4700,M4A4,True,True,100,True,True,6100,Knife,True,True,100,True,True,7950,Knife,True,True,100,True,True,200,Bomb,False,False,100,True,200,Knife,False,False,100,True,200,Knife,False,False,100,True,200,Knife,False,False,100,True,200,Knife,False,False,100,True,de_nuke,48.83195,A,23,8,15
True,6100,Knife,True,True,100,True,True,4350,M4A4,False,True,100,True,True,4700,M4A4,True,True,100,True,True,6100,Knife,True,True,100,True,True,7950,Knife,True,True,100,True,True,200,Bomb,False,False,100,True,200,Knife,False,False,100,True,200,Knife,False,False,100,True,200,Knife,False,False,100,True,200,Knife,False,False,100,True,de_nuke,49.83235,A,23,8,15
True,6100,Knife,True,True,100,True,True,4350,M4A4,False,True,100,True,True,4700,M4A4,True,True,100,True,True,6100,Knife,True,True,100,True,True,7950,Knife,True,True,100,True,True,200,Bomb,False,False,100,True,200,Knife,False,False,100,True,200,Knife,False,False,100,True,200,Knife,False,False,100,True,200,Knife,False,False,100,True,de_nuke,50.83275,A,23,8,15
True,6100,Knife,True,True,100,True,True,4350,M4A4,False,True,100,True,True,4700,M4A4,True,True,100,True,True,6100,Knife,True,True,100,True,True,7950,Knife,True,True,100,True,True,200,Bomb,False,False,100,True,200,Knife,False,False,100,True,200,Knife,False,False,100,True,200,Knife,False,False,100,True,200,Knife,False,False,100,True,de_nuke,51.83315,A,23,8,15
True,6100,Knife,True,True,100,True,True,4350,Knife,False,True,100,True,True,4700,M4A4,True,True,100,True,True,6100,Knife,True,True,100,True,True,7950,CZ,True,True,100,True,True,200,Bomb,False,False,100,True,200,Knife,False,False,100,True,200,Knife,False,False,100,True,200,Knife,False,False,100,True,200,Knife,False,False,100,True,de_nuke,52.83355,A,23,8,15
True,6100,Knife,True,True,100,True,True,5650,Incendiary,False,True,100,True,True,4700,M4A4,True,True,100,True,True,6100,Knife,True,True,100,True,True,7950,CZ,True,True,100,True,True,200,Bomb,False,False,100,True,200,Knife,False,False,100,True,200,Knife,False,False,100,True,200,Knife,False,False,100,True,200,Knife,False,False,100,True,de_nuke,53.83394,A,23,8,15
True,6100,Knife,True,True,100,True,True,5650,USP,False,True,100,True,True,4700,M4A4,True,True,100,True,True,6100,Knife,True,True,100,True,True,7950,Knife,True,True,100,True,True,200,Bomb,False,False,100,True,200,Knife,False,False,100,True,200,Knife,False,False,100,True,200,Knife,False,False,100,True,200,Knife,False,False,100,True,de_nuke,54.83434,A,23,8,15
True,6100,Knife,True,True,100,True,True,5650,M4A4,False,True,100,True,True,4700,M4A4,True,True,100,True,True,6100,M4A4,True,True,100,True,True,7950,Knife,True,True,100,True,True,200,Bomb,False,False,100,True,200,Knife,False,False,100,True,200,Knife,False,False,100,True,200,Knife,False,False,100,True,200,Knife,False,False,100,True,de_nuke,55.83474,A,23,8,15
True,6100,Flash,True,True,100,True,True,5650,M4A4,False,True,100,True,True,4700,M4A4,True,True,100,True,True,6100,M4A4,True,True,100,True,True,7950,Knife,True,True,100,True,True,200,Bomb,False,False,100,True,200,Knife,False,False,100,True,200,Knife,False,False,100,True,200,Knife,False,False,100,True,200,Knife,False,False,100,True,de_nuke,56.83514,A,23,8,15
True,6100,Knife,True,True,100,True,True,5650,M4A4,False,True,100,True,True,4700,M4A4,True,True,100,True,True,6100,Knife,True,True,100,True,True,7950,CZ,True,True,100,True,True,200,Bomb,False,False,100,True,200,Knife,False,False,100,True,200,Knife,False,False,100,True,200,Knife,False,False,100,True,200,Knife,False,False,100,True,de_nuke,57.83554,A,23,8,15
True,6100,Knife,True,True,100,True,True,5650,M4A4,False,True,100,True,True,4700,M4A4,True,True,100,True,True,6100,Knife,True,True,100,True,True,7950,Knife,True,True,100,True,True,200,Bomb,False,False,100,True,200,Knife,False,False,100,True,200,Knife,False,False,100,True,200,Knife,False,False,100,True,200,Knife,False,False,100,True,de_nuke,58.83594,A,23,8,15
True,6100,Knife,True,True,100,True,True,5650,M4A4,False,True,100,True,True,4700,M4A4,True,True,100,True,True,6100,M4A4,True,True,100,True,True,7950,Knife,True,True,100,True,True,200,Bomb,False,False,100,True,200,Knife,False,False,100,True,200,Knife,False,False,100,True,200,Knife,False,False,100,True,200,Knife,False,False,100,True,de_nuke,59.83633,A,23,8,15
True,6100,HE,True,True,100,True,True,5650,M4A4,False,True,100,True,True,4700,M4A4,True,True,100,True,True,6100,Knife,True,True,100,True,True,7950,Knife,True,True,100,True,True,200,Bomb,False,False,100,True,200,Knife,False,False,100,True,200,Knife,False,False,100,True,200,Knife,False,False,100,True,200,Knife,False,False,100,True,de_nuke,60.83673,A,23,8,15
True,6100,Flash,True,True,100,True,True,5650,M4A4,False,True,100,True,True,4700,M4A4,True,True,100,True,True,6100,Knife,True,True,100,True,True,7950,Knife,True,True,100,True,True,3900,AK47,True,True,100,True,200,Knife,False,False,100,True,200,Knife,False,False,100,True,200,Knife,False,False,100,True,200,Knife,False,False,100,True,de_nuke,61.83713,A,23,8,15
True,6100,Knife,True,True,100,True,True,5650,M4A4,False,True,100,True,True,4700,M4A4,True,True,100,True,True,6100,Knife,True,True,100,True,True,7950,Knife,True,True,100,True,True,5000,Knife,True,True,100,True,200,Knife,False,False,100,True,200,Knife,False,False,100,True,200,Knife,False,False,100,True,3900,AK47,True,True,100,True,de_nuke,62.83753,A,23,8,15
True,6100,HE,True,True,100,True,True,5650,M4A4,False,True,100,True,True,4700,M4A4,True,True,100,True,True,6100,Knife,True,True,100,True,True,7950,Knife,True,True,100,True,True,5000,Knife,True,True,100,True,200,Knife,False,False,100,True,200,Knife,False,False,100,True,200,Knife,False,False,100,True,4600,AK47,True,True,100,True,de_nuke,63.83793,A,23,8,15
True,6100,Knife,True,True,100,True,True,5650,M4A4,False,True,100,True,True,5000,M4A4,True,True,100,True,True,6100,Incendiary,True,True,100,True,True,7950,Knife,True,True,100,True,True,5000,Knife,True,True,100,True,200,Knife,False,False,100,True,200,Knife,False,False,100,True,200,Knife,False,False,100,True,4600,Knife,True,True,100,True,de_nuke,64.83833,A,23,8,15
True,6100,Knife,True,True,100,True,True,5650,M4A4,False,True,100,True,True,5500,M4A4,True,True,100,True,True,6100,Knife,True,True,100,True,True,7950,Knife,True,True,100,True,True,5000,Knife,True,True,100,True,200,Knife,False,False,100,True,200,Knife,False,False,100,True,200,Knife,False,False,100,True,5000,AK47,True,True,100,True,de_nuke,65.83873,A,23,8,15
True,6100,Knife,True,True,100,True,True,5650,M4A4,False,True,100,True,True,5500,M4A4,True,True,100,True,True,6100,Knife,True,True,100,True,True,7950,Knife,True,True,100,True,True,5000,Knife,True,True,100,True,200,Knife,False,False,100,True,200,Knife,False,False,100,True,200,Knife,False,False,100,True,5000,Knife,True,True,100,True,de_nuke,66.83913,A,23,8,15
True,6100,Knife,True,True,100,True,True,5650,M4A4,False,True,100,True,True,5500,M4A4,True,True,100,True,True,6100,Knife,True,True,100,True,True,7950,Knife,True,True,100,True,True,5000,Knife,True,True,100,True,200,Knife,False,False,100,True,200,Knife,False,False,100,True,200,Knife,False,False,100,True,5000,Smoke,True,True,100,True,de_nuke,67.83952,A,23,8,15
True,6100,Knife,True,True,100,True,True,5650,M4A4,False,True,100,True,True,5500,M4A4,True,True,100,True,True,6100,Knife,True,True,100,True,True,7950,Knife,True,True,100,True,True,5000,Knife,True,True,100,True,200,Knife,False,False,100,True,200,Knife,False,False,100,True,200,Glock,False,False,100,True,5000,Smoke,True,True,100,True,de_nuke,68.83992,A,23,8,15
True,6100,Knife,True,True,100,True,True,5650,Knife,False,True,100,True,True,5500,M4A4,True,True,100,True,True,6100,Knife,True,True,100,True,True,7950,Knife,True,True,100,True,True,5000,Knife,True,True,100,True,200,Knife,False,False,100,True,200,Knife,False,False,100,True,200,Knife,False,False,100,True,5000,Smoke,True,True,100,True,de_nuke,69.84032,A,23,8,15
True,6100,Knife,True,True,100,True,True,5650,Knife,False,True,100,True,True,5500,M4A4,True,True,100,True,True,6100,Knife,True,True,100,True,True,7950,Knife,True,True,100,True,True,5000,Knife,True,True,100,True,200,Knife,False,False,100,True,200,Knife,False,False,100,True,200,Knife,False,False,100,True,5000,Smoke,True,True,100,True,de_nuke,70.84072,A,23,8,15
True,6100,Knife,True,True,100,True,True,5650,Knife,False,True,100,True,True,5500,M4A4,True,True,100,True,True,6100,Incendiary,True,True,100,True,True,7950,Knife,True,True,100,True,True,5000,Knife,True,True,100,True,3900,Knife,True,True,100,True,200,Knife,False,False,100,True,200,Knife,False,False,100,True,5000,Smoke,True,True,100,True,de_nuke,71.84112,A,23,8,15
True,6100,Knife,True,True,100,True,True,5650,Knife,False,True,100,True,True,5500,M4A4,True,True,100,True,True,6100,Knife,True,True,100,True,True,7950,Knife,True,True,100,True,True,5000,Knife,True,True,100,True,5100,Molotov,True,True,100,True,200,Knife,False,False,100,True,200,Knife,False,False,100,True,5000,Smoke,True,True,100,True,de_nuke,72.84151,A,23,8,15
True,6100,Knife,True,True,100,True,True,5650,Knife,False,True,100,True,True,5500,M4A4,True,True,100,True,True,6100,Knife,True,True,100,True,True,7950,Knife,True,True,100,True,True,5000,Knife,True,True,100,True,5100,Knife,True,True,100,True,4200,Knife,True,True,100,True,3900,AK47,True,True,100,True,5000,Smoke,True,True,100,True,de_nuke,73.84191,A,23,8,15
True,6100,Knife,True,True,100,True,True,5650,Knife,False,True,100,True,True,6100,M4A4,True,True,100,True,True,6100,Knife,True,True,100,True,True,7950,Knife,True,True,100,True,True,5000,Knife,True,True,100,True,5100,Knife,True,True,100,True,5000,Knife,True,True,100,True,4300,Molotov,True,True,100,True,5000,Knife,True,True,100,True,de_nuke,74.84232,A,23,8,15
True,6100,Knife,True,True,100,True,True,5650,Knife,False,True,100,True,True,6100,M4A4,True,True,100,True,True,6100,Knife,True,True,100,True,True,7950,Knife,True,True,100,True,True,5000,Knife,True,True,100,True,5100,Knife,True,True,100,True,5000,Knife,True,True,100,True,4600,Molotov,True,True,100,True,5000,Knife,True,True,100,True,de_nuke,75.84271,A,23,8,15
True,6100,Flash,True,True,100,True,True,5650,Knife,False,True,100,True,True,6100,M4A4,True,True,100,True,True,6100,Knife,True,True,100,True,True,7950,Knife,True,True,100,True,True,5000,Knife,True,True,100,True,5100,Knife,True,True,100,True,5000,Knife,True,True,100,True,5000,Molotov,True,True,100,True,5000,Knife,True,True,100,True,de_nuke,76.84311,A,23,8,15
True,6100,Knife,True,True,100,True,True,5650,Knife,False,True,100,True,True,6100,M4A4,True,True,100,True,True,6100,Knife,True,True,100,True,True,7950,Knife,True,True,100,True,True,5000,Knife,True,True,100,True,5100,Knife,True,True,100,True,5000,Knife,True,True,100,True,5000,Knife,True,True,100,True,5000,Knife,True,True,100,True,de_nuke,77.84351,A,23,8,15
True,6100,Knife,True,True,100,True,True,5650,Knife,False,True,100,True,True,6100,M4A4,True,True,100,True,True,6100,Knife,True,True,100,True,True,7950,Knife,True,True,100,True,True,5000,Knife,True,True,100,True,5100,Knife,True,True,100,True,5000,Knife,True,True,100,True,5000,Knife,True,True,100,True,5000,Knife,True,True,100,True,de_nuke,78.84391,A,23,8,15
True,6100,Knife,True,True,100,True,True,5650,Knife,False,True,100,True,True,6100,M4A4,True,True,100,True,True,6100,Knife,True,True,100,True,True,7950,Knife,True,True,100,True,True,5000,Knife,True,True,100,True,5100,Knife,True,True,100,True,5000,Knife,True,True,100,True,5000,Knife,True,True,100,True,5000,Knife,True,True,100,True,de_nuke,79.84431,A,23,8,15
True,6100,Knife,True,True,100,True,True,5650,Knife,False,True,100,True,True,6100,M4A4,True,True,100,True,True,6100,Knife,True,True,100,True,True,7950,Knife,True,True,100,True,True,5000,Knife,True,True,100,True,5100,Knife,True,True,100,True,5000,Knife,True,True,100,True,5000,Knife,True,True,100,True,5000,Knife,True,True,100,True,de_nuke,80.8447,A,23,8,15
True,6100,Knife,True,True,100,True,True,5650,Knife,False,True,100,True,True,6100,M4A4,True,True,100,True,True,6100,Knife,True,True,100,True,True,7950,Knife,True,True,100,True,True,5000,AK47,True,True,100,True,5100,Knife,True,True,100,True,5000,Knife,True,True,100,True,5000,Knife,True,True,100,True,5000,Knife,True,True,100,True,de_nuke,81.8451,A,23,8,15
True,6100,Knife,True,True,100,True,True,5650,Smoke,False,True,100,True,True,6100,M4A4,True,True,100,True,True,6100,Knife,True,True,100,True,True,7950,Knife,True,True,100,True,True,5000,Knife,True,True,100,True,5100,Knife,True,True,100,True,5000,Knife,True,True,100,True,5000,Knife,True,True,100,True,5000,Knife,True,True,100,True,de_nuke,82.8455,A,23,8,15
True,6100,Knife,True,True,100,True,True,5650,Smoke,False,True,100,True,True,6100,M4A4,True,True,100,True,True,6100,Knife,True,True,100,True,True,7950,Knife,True,True,100,True,True,5000,Knife,True,True,100,True,5100,Knife,True,True,100,True,5000,Knife,True,True,100,True,5000,Knife,True,True,100,True,5000,Smoke,True,True,100,True,de_nuke,83.8459,A,23,8,15
True,5600,AK47,True,True,79,True,False,6000,Unknown,False,False,0,False,True,6100,M4A4,True,True,61,True,True,6100,M4A4,True,True,100,True,True,7950,CZ,True,True,100,True,True,4800,AK47,True,True,16,True,4700,AK47,True,True,100,True,5000,AK47,True,True,100,False,5000,Unknown,False,False,0,False,5000,Unknown,False,False,0,False,de_nuke,0.1094186,B,25,10,15
True,5600,AK47,True,True,79,True,False,6000,Unknown,False,False,0,False,True,6100,M4A4,True,True,35,True,True,6100,M4A4,True,True,100,True,True,7950,CZ,True,True,100,True,True,4800,AK47,True,True,16,True,4700,AK47,True,True,100,True,5000,AK47,True,True,100,False,5000,Unknown,False,False,0,False,5000,Unknown,False,False,0,False,de_nuke,1.109817,B,25,10,15
True,5600,AK47,True,True,79,True,False,6000,Unknown,False,False,0,False,False,6100,Unknown,False,False,0,False,True,6100,M4A4,True,True,100,True,True,7950,CZ,True,True,100,True,True,4800,AK47,True,True,16,True,4700,AK47,True,True,79,True,5000,AK47,True,True,100,False,5000,Unknown,False,False,0,False,5000,Unknown,False,False,0,False,de_nuke,2.110216,B,25,10,15
True,5600,AK47,True,True,79,True,False,6000,Unknown,False,False,0,False,False,6100,Unknown,False,False,0,False,True,6100,M4A4,True,True,100,True,True,7950,CZ,True,True,100,True,True,4800,AK47,True,True,16,True,4700,AK47,True,True,79,True,5000,AK47,True,True,100,False,5000,Unknown,False,False,0,False,5000,Unknown,False,False,0,False,de_nuke,3.110614,B,25,10,15
True,5600,AK47,True,True,79,True,False,6000,Unknown,False,False,0,False,False,6100,Unknown,False,False,0,False,True,6100,M4A4,True,True,100,True,True,7950,CZ,True,True,100,True,True,4800,AK47,True,True,16,True,4700,AK47,True,True,79,True,5000,AK47,True,True,100,False,5000,Unknown,False,False,0,False,5000,Unknown,False,False,0,False,de_nuke,4.111012,B,25,10,15
True,5600,AK47,True,True,79,True,False,6000,Unknown,False,False,0,False,False,6100,Unknown,False,False,0,False,True,6100,M4A4,True,True,100,True,True,7950,CZ,True,True,100,True,True,4800,AK47,True,True,16,True,4700,AK47,True,True,79,True,5000,AK47,True,True,100,False,5000,Unknown,False,False,0,False,5000,Unknown,False,False,0,False,de_nuke,5.111411,B,25,10,15
True,5600,AK47,True,True,79,True,False,6000,Unknown,False,False,0,False,False,6100,Unknown,False,False,0,False,True,6100,M4A4,True,True,100,True,True,7950,CZ,True,True,100,True,True,4500,AK47,True,True,16,True,4700,AK47,True,True,79,True,5000,AK47,True,True,100,False,5000,Unknown,False,False,0,False,5000,Unknown,False,False,0,False,de_nuke,6.11181,B,25,10,15
True,5600,AK47,True,True,79,True,False,6000,Unknown,False,False,0,False,False,6100,Unknown,False,False,0,False,True,6100,M4A4,True,True,100,True,True,7950,CZ,True,True,100,True,True,4500,AK47,True,True,16,True,4700,AK47,True,True,79,True,5000,AK47,True,True,100,False,5000,Unknown,False,False,0,False,5000,Unknown,False,False,0,False,de_nuke,7.112208,B,25,10,15
True,5600,AK47,True,True,79,True,False,6000,Unknown,False,False,0,False,False,6100,Unknown,False,False,0,False,True,6100,M4A4,True,True,100,True,True,7950,CZ,True,True,100,True,True,4500,AK47,True,True,16,True,4700,AK47,True,True,79,True,5000,AK47,True,True,100,False,5000,Unknown,False,False,0,False,5000,Unknown,False,False,0,False,de_nuke,8.112607,B,25,10,15
True,5600,AK47,True,True,79,True,False,6000,Unknown,False,False,0,False,False,6100,Unknown,False,False,0,False,True,6100,M4A4,True,True,100,True,True,7950,CZ,True,True,100,True,True,4500,AK47,True,True,16,True,4700,AK47,True,True,79,True,5000,AK47,True,True,100,False,5000,Unknown,False,False,0,False,5000,Unknown,False,False,0,False,de_nuke,9.113005,B,25,10,15
True,5600,AK47,True,True,79,True,False,6000,Unknown,False,False,0,False,False,6100,Unknown,False,False,0,False,True,6100,M4A4,True,True,100,True,True,7950,CZ,True,True,100,True,True,4500,AK47,True,True,16,True,4700,AK47,True,True,79,True,5000,AK47,True,True,100,False,5000,Unknown,False,False,0,False,5000,Unknown,False,False,0,False,de_nuke,10.1134,B,25,10,15
True,5600,AK47,True,True,79,True,False,6000,Unknown,False,False,0,False,False,6100,Unknown,False,False,0,False,True,6100,M4A4,True,True,100,True,True,7950,CZ,True,True,100,True,True,4500,AK47,True,True,16,True,4700,AK47,True,True,79,True,5000,AK47,True,True,100,False,5000,Unknown,False,False,0,False,5000,Unknown,False,False,0,False,de_nuke,11.1138,B,25,10,15
True,5600,AK47,True,True,79,True,False,6000,Unknown,False,False,0,False,False,6100,Unknown,False,False,0,False,True,6100,M4A4,True,True,100,True,True,7950,CZ,True,True,100,True,True,4500,AK47,True,True,16,True,4700,AK47,True,True,79,True,5000,AK47,True,True,100,False,5000,Unknown,False,False,0,False,5000,Unknown,False,False,0,False,de_nuke,12.1142,B,25,10,15
True,5600,AK47,True,True,79,True,False,6000,Unknown,False,False,0,False,False,6100,Unknown,False,False,0,False,True,6100,M4A4,True,True,100,True,True,7950,CZ,True,True,100,True,True,4500,AK47,True,True,16,True,4700,AK47,True,True,79,True,5000,AK47,True,True,100,False,5000,Unknown,False,False,0,False,5000,Unknown,False,False,0,False,de_nuke,13.1146,B,25,10,15
True,5600,AK47,True,True,79,True,False,6000,Unknown,False,False,0,False,False,6100,Unknown,False,False,0,False,True,6100,Flash,True,True,100,True,True,7950,CZ,True,True,100,True,True,4500,AK47,True,True,16,True,4700,AK47,True,True,79,True,5000,AK47,True,True,100,False,5000,Unknown,False,False,0,False,5000,Unknown,False,False,0,False,de_nuke,14.115,B,25,10,15
True,5600,AK47,True,True,79,True,False,6000,Unknown,False,False,0,False,False,6100,Unknown,False,False,0,False,True,6100,M4A4,True,True,100,True,True,7950,Flash,True,True,100,True,True,4500,AK47,True,True,16,True,4700,AK47,True,True,79,True,5000,AK47,True,True,100,False,5000,Unknown,False,False,0,False,5000,Unknown,False,False,0,False,de_nuke,15.1154,B,25,10,15
True,5600,AK47,True,True,79,True,False,6000,Unknown,False,False,0,False,False,6100,Unknown,False,False,0,False,True,6100,M4A4,True,True,100,True,True,7950,AWP,True,True,100,True,True,4500,AK47,True,True,16,True,4700,AK47,True,True,79,True,5000,AK47,True,True,100,False,5000,Unknown,False,False,0,False,5000,Unknown,False,False,0,False,de_nuke,16.1158,B,25,10,15
True,5600,AK47,True,True,79,True,False,6000,Unknown,False,False,0,False,False,6100,Unknown,False,False,0,False,True,6100,M4A4,True,True,100,True,True,7950,AWP,True,True,100,True,True,4500,AK47,True,True,16,True,4700,AK47,True,True,79,True,5000,AK47,True,True,100,False,5000,Unknown,False,False,0,False,5000,Unknown,False,False,0,False,de_nuke,17.11619,B,25,10,15
True,5600,AK47,True,True,79,True,False,6000,Unknown,False,False,0,False,False,6100,Unknown,False,False,0,False,True,6100,M4A4,True,True,100,True,True,7950,Incendiary,True,True,100,True,True,4500,AK47,True,True,16,True,4700,AK47,True,True,79,True,5000,AK47,True,True,100,False,5000,Unknown,False,False,0,False,5000,Unknown,False,False,0,False,de_nuke,18.11659,B,25,10,15
True,5600,AK47,True,True,79,True,False,6000,Unknown,False,False,0,False,False,6100,Unknown,False,False,0,False,True,6100,M4A4,True,True,100,True,True,7950,AWP,True,True,100,True,True,4500,AK47,True,True,16,True,4700,AK47,True,True,79,True,5000,AK47,True,True,100,False,5000,Unknown,False,False,0,False,5000,Unknown,False,False,0,False,de_nuke,19.11699,B,25,10,15
True,5600,AK47,True,True,79,True,False,6000,Unknown,False,False,0,False,False,6100,Unknown,False,False,0,False,True,6100,M4A4,True,True,100,True,False,7950,Unknown,False,False,0,False,True,4500,AK47,True,True,16,True,4700,AK47,True,True,79,True,5000,AK47,True,True,100,False,5000,Unknown,False,False,0,False,5000,Unknown,False,False,0,False,de_nuke,20.11739,B,25,10,15
False,5600,Unknown,False,False,0,False,False,6000,Unknown,False,False,0,False,False,6100,Unknown,False,False,0,False,True,6100,M4A4,True,True,100,True,False,7950,Unknown,False,False,0,False,True,4500,AK47,True,True,16,True,4700,AK47,True,True,79,True,5000,AK47,True,True,100,False,5000,Unknown,False,False,0,False,5000,Unknown,False,False,0,False,de_nuke,21.11779,B,25,10,15
False,5600,Unknown,False,False,0,False,False,6000,Unknown,False,False,0,False,False,6100,Unknown,False,False,0,False,True,6100,M4A4,True,True,100,True,False,7950,Unknown,False,False,0,False,True,4500,AK47,True,True,16,True,4700,AK47,True,True,79,True,5000,AK47,True,True,100,False,5000,Unknown,False,False,0,False,5000,Unknown,False,False,0,False,de_nuke,22.11819,B,25,10,15
False,5600,Unknown,False,False,0,False,False,6000,Unknown,False,False,0,False,False,6100,Unknown,False,False,0,False,True,6100,M4A4,True,True,100,True,False,7950,Unknown,False,False,0,False,True,4500,AK47,True,True,16,True,4700,AK47,True,True,79,True,5000,AK47,True,True,100,False,5000,Unknown,False,False,0,False,5000,Unknown,False,False,0,False,de_nuke,23.11858,B,25,10,15
False,5600,Unknown,False,False,0,False,False,6000,Unknown,False,False,0,False,False,6100,Unknown,False,False,0,False,True,6100,M4A4,True,True,100,True,False,7950,Unknown,False,False,0,False,True,4500,AK47,True,True,16,True,4700,AK47,True,True,79,True,5000,AK47,True,True,100,False,5000,Unknown,False,False,0,False,5000,Unknown,False,False,0,False,de_nuke,24.11898,B,25,10,15
False,5600,Unknown,False,False,0,False,False,6000,Unknown,False,False,0,False,False,6100,Unknown,False,False,0,False,True,6100,M4A4,True,True,100,True,False,7950,Unknown,False,False,0,False,True,4500,AK47,True,True,16,True,4700,AK47,True,True,79,True,5000,AK47,True,True,100,False,5000,Unknown,False,False,0,False,5000,Unknown,False,False,0,False,de_nuke,25.11938,B,25,10,15
False,5600,Unknown,False,False,0,False,False,6000,Unknown,False,False,0,False,False,6100,Unknown,False,False,0,False,True,6100,M4A4,True,True,100,True,False,7950,Unknown,False,False,0,False,True,4500,AK47,True,True,16,True,4700,AK47,True,True,79,True,5000,AK47,True,True,100,False,5000,Unknown,False,False,0,False,5000,Unknown,False,False,0,False,de_nuke,26.11978,B,25,10,15
False,5600,Unknown,False,False,0,False,False,6000,Unknown,False,False,0,False,False,6100,Unknown,False,False,0,False,True,6100,M4A4,True,True,100,True,False,7950,Unknown,False,False,0,False,True,4500,AK47,True,True,16,True,4700,AK47,True,True,79,True,5000,AK47,True,True,100,False,5000,Unknown,False,False,0,False,5000,Unknown,False,False,0,False,de_nuke,27.12018,B,25,10,15
False,5600,Unknown,False,False,0,False,False,6000,Unknown,False,False,0,False,False,6100,Unknown,False,False,0,False,True,6100,M4A4,True,True,73,True,False,7950,Unknown,False,False,0,False,False,4500,Unknown,False,False,0,True,4700,AK47,True,True,79,True,5000,AK47,True,True,100,False,5000,Unknown,False,False,0,False,5000,Unknown,False,False,0,False,de_nuke,28.12058,B,25,10,15
False,5600,Unknown,False,False,0,False,False,6000,Unknown,False,False,0,False,False,6100,Unknown,False,False,0,False,True,6100,M4A4,True,True,73,True,False,7950,Unknown,False,False,0,False,False,4500,Unknown,False,False,0,True,4700,AK47,True,True,79,True,5000,AK47,True,True,100,False,5000,Unknown,False,False,0,False,5000,Unknown,False,False,0,False,de_nuke,29.12098,B,25,10,15
False,5600,Unknown,False,False,0,False,False,6000,Unknown,False,False,0,False,False,6100,Unknown,False,False,0,False,True,6100,M4A4,True,True,73,True,False,7950,Unknown,False,False,0,False,False,4500,Unknown,False,False,0,True,4700,Knife,True,True,79,True,5000,AK47,True,True,100,False,5000,Unknown,False,False,0,False,5000,Unknown,False,False,0,False,de_nuke,30.12137,B,25,10,15
False,5600,Unknown,False,False,0,False,False,6000,Unknown,False,False,0,False,False,6100,Unknown,False,False,0,False,True,4700,USP,True,True,73,True,False,7950,Unknown,False,False,0,False,False,4500,Unknown,False,False,0,True,4700,Knife,True,True,79,True,5000,AK47,True,True,100,False,5000,Unknown,False,False,0,False,5000,Unknown,False,False,0,False,de_nuke,31.12177,B,25,10,15
False,5600,Unknown,False,False,0,False,False,6000,Unknown,False,False,0,False,False,6100,Unknown,False,False,0,False,True,4700,AK47,True,True,73,True,False,7950,Unknown,False,False,0,False,False,4500,Unknown,False,False,0,True,4700,AK47,True,True,79,True,5000,AK47,True,True,100,False,5000,Unknown,False,False,0,False,5000,Unknown,False,False,0,False,de_nuke,32.12217,B,25,10,15
False,5600,Unknown,False,False,0,False,False,6000,Unknown,False,False,0,False,False,6100,Unknown,False,False,0,False,True,4700,Molotov,True,True,73,True,False,7950,Unknown,False,False,0,False,False,4500,Unknown,False,False,0,True,4700,AK47,True,True,79,True,5000,Knife,True,True,100,False,5000,Unknown,False,False,0,False,5000,Unknown,False,False,0,False,de_nuke,33.12257,B,25,10,15
False,5600,Unknown,False,False,0,False,False,6000,Unknown,False,False,0,False,False,6100,Unknown,False,False,0,False,True,4700,AK47,True,True,73,True,False,7950,Unknown,False,False,0,False,False,4500,Unknown,False,False,0,True,4700,AK47,True,True,79,True,5000,Knife,True,True,100,False,5000,Unknown,False,False,0,False,5000,Unknown,False,False,0,False,de_nuke,34.12297,B,25,10,15
False,5600,Unknown,False,False,0,False,False,6000,Unknown,False,False,0,False,False,6100,Unknown,False,False,0,False,True,4700,Knife,True,True,73,True,False,7950,Unknown,False,False,0,False,False,4500,Unknown,False,False,0,True,4700,AK47,True,True,79,True,4700,Knife,True,True,100,False,5000,Unknown,False,False,0,False,5000,Unknown,False,False,0,False,de_nuke,35.12337,B,25,10,15
False,5600,Unknown,False,False,0,False,False,6000,Unknown,False,False,0,False,False,6100,Unknown,False,False,0,False,True,4700,Knife,True,True,73,True,False,7950,Unknown,False,False,0,False,False,4500,Unknown,False,False,0,True,4700,AK47,True,True,79,True,4700,Knife,True,True,100,False,5000,Unknown,False,False,0,False,5000,Unknown,False,False,0,False,de_nuke,36.12376,B,25,10,15
False,5600,Unknown,False,False,0,False,False,6000,Unknown,False,False,0,False,False,6100,Unknown,False,False,0,False,True,4700,Knife,True,True,73,True,False,7950,Unknown,False,False,0,False,False,4500,Unknown,False,False,0,True,4700,Knife,True,True,79,True,4700,Knife,True,True,100,False,5000,Unknown,False,False,0,False,5000,Unknown,False,False,0,False,de_nuke,37.12416,B,25,10,15
False,5600,Unknown,False,False,0,False,False,6000,Unknown,False,False,0,False,False,6100,Unknown,False,False,0,False,True,4700,AK47,True,True,73,True,False,7950,Unknown,False,False,0,False,False,4500,Unknown,False,False,0,True,4700,Knife,True,True,79,True,6750,Knife,True,True,100,False,5000,Unknown,False,False,0,False,5000,Unknown,False,False,0,False,de_nuke,38.12456,B,25,10,15
False,5600,Unknown,False,False,0,False,False,6000,Unknown,False,False,0,False,False,6100,Unknown,False,False,0,False,True,4700,AK47,True,True,73,True,False,7950,Unknown,False,False,0,False,False,4500,Unknown,False,False,0,True,4700,Knife,True,True,79,True,6750,Knife,True,True,100,False,5000,Unknown,False,False,0,False,5000,Unknown,False,False,0,False,de_nuke,39.12496,B,25,10,15
False,5600,Unknown,False,False,0,False,False,6000,Unknown,False,False,0,False,False,6100,Unknown,False,False,0,False,True,4700,AK47,True,True,73,True,False,7950,Unknown,False,False,0,False,False,4500,Unknown,False,False,0,True,4700,AK47,True,True,79,True,6750,AWP,True,True,100,False,5000,Unknown,False,False,0,False,5000,Unknown,False,False,0,False,de_nuke,40.12536,B,25,10,15
False,4650,Unknown,False,False,0,False,True,5650,M4A4,False,True,100,True,False,6100,Unknown,False,False,0,False,True,5100,AK47,True,True,100,True,True,5800,AWP,False,True,50,False,False,5100,Unknown,False,False,0,False,5000,Unknown,False,False,0,False,5000,Unknown,False,False,0,True,3800,Gallil,True,True,100,True,7150,AWP,True,True,100,False,de_nuke,0.09378736,B,26,11,15
False,4650,Unknown,False,False,0,False,True,5650,Knife,False,True,100,True,False,6100,Unknown,False,False,0,False,True,5100,AK47,True,True,100,True,True,5800,AWP,False,True,50,False,False,5100,Unknown,False,False,0,False,5000,Unknown,False,False,0,False,5000,Unknown,False,False,0,True,3800,Knife,True,True,100,True,7150,AWP,True,True,100,False,de_nuke,1.094186,B,26,11,15
False,4650,Unknown,False,False,0,False,True,5650,M4A4,False,True,100,True,False,6100,Unknown,False,False,0,False,True,5100,AK47,True,True,100,True,True,5800,Knife,False,True,50,False,False,5100,Unknown,False,False,0,False,5000,Unknown,False,False,0,False,5000,Unknown,False,False,0,True,3800,Glock,True,True,100,True,7150,AWP,True,True,100,False,de_nuke,2.094584,B,26,11,15
False,4650,Unknown,False,False,0,False,True,5650,M4A4,False,True,100,True,False,6100,Unknown,False,False,0,False,True,5100,AK47,True,True,100,True,True,5800,AWP,False,True,50,False,False,5100,Unknown,False,False,0,False,5000,Unknown,False,False,0,False,5000,Unknown,False,False,0,True,3800,Gallil,True,True,100,True,7150,AWP,True,True,100,False,de_nuke,3.094983,B,26,11,15
False,4650,Unknown,False,False,0,False,True,5650,M4A4,False,True,100,True,False,6100,Unknown,False,False,0,False,True,5100,AK47,True,True,100,True,True,5800,AWP,False,True,50,False,False,5100,Unknown,False,False,0,False,5000,Unknown,False,False,0,False,5000,Unknown,False,False,0,True,3800,Gallil,True,True,100,True,7150,AWP,True,True,100,False,de_nuke,4.095381,B,26,11,15
False,4650,Unknown,False,False,0,False,True,5650,M4A4,False,True,100,True,False,6100,Unknown,False,False,0,False,True,5100,AK47,True,True,100,True,True,5800,AWP,False,True,50,False,False,5100,Unknown,False,False,0,False,5000,Unknown,False,False,0,False,5000,Unknown,False,False,0,True,3800,Gallil,True,True,100,True,7150,AWP,True,True,100,False,de_nuke,5.09578,B,26,11,15
False,4650,Unknown,False,False,0,False,True,5650,M4A4,False,True,100,True,False,6100,Unknown,False,False,0,False,True,5100,AK47,True,True,100,True,True,5800,AWP,False,True,50,False,False,5100,Unknown,False,False,0,False,5000,Unknown,False,False,0,False,5000,Unknown,False,False,0,True,3800,Gallil,True,True,100,True,7150,AWP,True,True,100,False,de_nuke,6.096179,B,26,11,15
False,4650,Unknown,False,False,0,False,True,5650,M4A4,False,True,100,True,False,6100,Unknown,False,False,0,False,True,5100,AK47,True,True,100,True,True,5800,AWP,False,True,50,False,False,5100,Unknown,False,False,0,False,5000,Unknown,False,False,0,False,5000,Unknown,False,False,0,True,3800,Gallil,True,True,100,True,7150,AWP,True,True,100,False,de_nuke,7.096577,B,26,11,15
False,4650,Unknown,False,False,0,False,True,5650,M4A4,False,True,100,True,False,6100,Unknown,False,False,0,False,True,5100,AK47,True,True,100,True,True,5800,AWP,False,True,50,False,False,5100,Unknown,False,False,0,False,5000,Unknown,False,False,0,False,5000,Unknown,False,False,0,True,3800,Gallil,True,True,100,True,7150,AWP,True,True,100,False,de_nuke,8.096975,B,26,11,15
False,4650,Unknown,False,False,0,False,True,5650,M4A4,False,True,100,True,False,6100,Unknown,False,False,0,False,True,5100,AK47,True,True,100,True,True,5800,AWP,False,True,50,False,False,5100,Unknown,False,False,0,False,5000,Unknown,False,False,0,False,5000,Unknown,False,False,0,True,3800,Gallil,True,True,100,True,7150,AWP,True,True,100,False,de_nuke,9.097374,B,26,11,15
False,4650,Unknown,False,False,0,False,True,5650,M4A4,False,True,100,True,False,6100,Unknown,False,False,0,False,True,5100,AK47,True,True,100,True,True,5800,AWP,False,True,50,False,False,5100,Unknown,False,False,0,False,5000,Unknown,False,False,0,False,5000,Unknown,False,False,0,True,3800,Gallil,True,True,100,True,7150,AWP,True,True,100,False,de_nuke,10.09777,B,26,11,15
False,4650,Unknown,False,False,0,False,True,5650,M4A4,False,True,100,True,False,6100,Unknown,False,False,0,False,True,5100,AK47,True,True,100,True,True,5800,AWP,False,True,50,False,False,5100,Unknown,False,False,0,False,5000,Unknown,False,False,0,False,5000,Unknown,False,False,0,True,3800,Gallil,True,True,100,True,7150,AWP,True,True,100,False,de_nuke,11.09817,B,26,11,15
False,4650,Unknown,False,False,0,False,True,5650,M4A4,False,True,100,True,False,6100,Unknown,False,False,0,False,True,5100,AK47,True,True,100,True,True,5800,AWP,False,True,50,False,False,5100,Unknown,False,False,0,False,5000,Unknown,False,False,0,False,5000,Unknown,False,False,0,True,3800,Gallil,True,True,100,False,7150,Unknown,False,False,0,False,de_nuke,12.09857,B,26,11,15
False,4650,Unknown,False,False,0,False,True,5650,M4A4,False,True,100,True,False,6100,Unknown,False,False,0,False,True,5100,AK47,True,True,100,True,True,5800,AWP,False,True,50,False,False,5100,Unknown,False,False,0,False,5000,Unknown,False,False,0,False,5000,Unknown,False,False,0,True,3800,Gallil,True,True,100,False,7150,Unknown,False,False,0,False,de_nuke,13.09897,B,26,11,15
False,4650,Unknown,False,False,0,False,True,5650,M4A4,False,True,100,True,False,6100,Unknown,False,False,0,False,True,5100,AK47,True,True,100,True,True,5800,AWP,False,True,50,False,False,5100,Unknown,False,False,0,False,5000,Unknown,False,False,0,False,5000,Unknown,False,False,0,True,3800,Gallil,True,True,100,False,7150,Unknown,False,False,0,False,de_nuke,14.09937,B,26,11,15
False,4650,Unknown,False,False,0,False,True,5650,M4A4,False,True,100,True,False,6100,Unknown,False,False,0,False,True,5100,AK47,True,True,100,True,True,5800,AWP,False,True,50,False,False,5100,Unknown,False,False,0,False,5000,Unknown,False,False,0,False,5000,Unknown,False,False,0,True,3800,Gallil,True,True,100,False,7150,Unknown,False,False,0,False,de_nuke,15.09976,B,26,11,15
False,4650,Unknown,False,False,0,False,True,5650,M4A4,False,True,100,True,False,6100,Unknown,False,False,0,False,True,5100,AK47,True,True,100,True,True,5800,AWP,False,True,50,False,False,5100,Unknown,False,False,0,False,5000,Unknown,False,False,0,False,5000,Unknown,False,False,0,True,3800,Gallil,True,True,100,False,7150,Unknown,False,False,0,False,de_nuke,16.10016,B,26,11,15
False,4650,Unknown,False,False,0,False,True,5650,M4A4,False,True,100,True,False,6100,Unknown,False,False,0,False,True,5100,AK47,True,True,100,True,True,5800,AWP,False,True,50,False,False,5100,Unknown,False,False,0,False,5000,Unknown,False,False,0,False,5000,Unknown,False,False,0,True,3800,Gallil,True,True,100,False,7150,Unknown,False,False,0,False,de_nuke,17.10056,B,26,11,15
False,4650,Unknown,False,False,0,False,True,5650,M4A4,False,True,100,True,False,6100,Unknown,False,False,0,False,True,5100,AK47,True,True,100,True,True,5800,AWP,False,True,50,False,False,5100,Unknown,False,False,0,False,5000,Unknown,False,False,0,False,5000,Unknown,False,False,0,True,3800,Gallil,True,True,100,False,7150,Unknown,False,False,0,False,de_nuke,18.10096,B,26,11,15
False,4650,Unknown,False,False,0,False,True,5650,M4A4,False,True,100,True,False,6100,Unknown,False,False,0,False,True,5100,AK47,True,True,100,True,True,5800,Knife,False,True,50,False,False,5100,Unknown,False,False,0,False,5000,Unknown,False,False,0,False,5000,Unknown,False,False,0,True,3800,Gallil,True,True,100,False,7150,Unknown,False,False,0,False,de_nuke,19.10136,B,26,11,15
False,4650,Unknown,False,False,0,False,True,5650,M4A4,False,True,100,True,False,6100,Unknown,False,False,0,False,True,5100,Smoke,True,True,100,True,True,5800,AWP,False,True,50,False,False,5100,Unknown,False,False,0,False,5000,Unknown,False,False,0,False,5000,Unknown,False,False,0,True,3800,Gallil,True,True,100,False,7150,Unknown,False,False,0,False,de_nuke,20.10176,B,26,11,15
False,4650,Unknown,False,False,0,False,True,5650,M4A4,False,True,100,True,False,6100,Unknown,False,False,0,False,True,5100,AK47,True,True,100,True,True,5800,AWP,False,True,50,False,False,5100,Unknown,False,False,0,False,5000,Unknown,False,False,0,False,5000,Unknown,False,False,0,True,3800,Gallil,True,True,100,False,7150,Unknown,False,False,0,False,de_nuke,21.10216,B,26,11,15
False,4650,Unknown,False,False,0,False,True,5650,M4A4,False,True,100,True,False,6100,Unknown,False,False,0,False,True,5100,AK47,True,True,100,True,True,5800,AWP,False,True,50,False,False,5100,Unknown,False,False,0,False,5000,Unknown,False,False,0,False,5000,Unknown,False,False,0,True,3800,Gallil,True,True,100,False,7150,Unknown,False,False,0,False,de_nuke,22.10255,B,26,11,15
False,4650,Unknown,False,False,0,False,True,5650,Knife,False,True,100,True,False,6100,Unknown,False,False,0,False,True,5100,AK47,True,True,100,True,True,5800,AWP,False,True,50,False,False,5100,Unknown,False,False,0,False,5000,Unknown,False,False,0,False,5000,Unknown,False,False,0,True,3800,Gallil,True,True,100,False,7150,Unknown,False,False,0,False,de_nuke,23.10295,B,26,11,15
False,4650,Unknown,False,False,0,False,True,5650,Knife,False,True,100,True,False,6100,Unknown,False,False,0,False,False,5100,Unknown,False,False,0,False,True,5800,AWP,False,True,50,False,False,5100,Unknown,False,False,0,False,5000,Unknown,False,False,0,False,5000,Unknown,False,False,0,True,3800,Gallil,True,True,46,False,7150,Unknown,False,False,0,False,de_nuke,24.10335,B,26,11,15
False,4650,Unknown,False,False,0,False,True,5650,Knife,False,True,100,True,False,6100,Unknown,False,False,0,False,False,5100,Unknown,False,False,0,False,True,5800,AWP,False,True,50,False,False,5100,Unknown,False,False,0,False,5000,Unknown,False,False,0,False,5000,Unknown,False,False,0,True,3800,Gallil,True,True,46,False,7150,Unknown,False,False,0,False,de_nuke,25.10375,B,26,11,15
False,4650,Unknown,False,False,0,False,True,5650,Knife,False,True,100,True,False,6100,Unknown,False,False,0,False,False,5100,Unknown,False,False,0,False,True,5800,AWP,False,True,50,False,False,5100,Unknown,False,False,0,False,5000,Unknown,False,False,0,False,5000,Unknown,False,False,0,True,3800,Gallil,True,True,46,False,7150,Unknown,False,False,0,False,de_nuke,26.10415,B,26,11,15
False,4650,Unknown,False,False,0,False,True,5650,Knife,False,True,100,True,False,6100,Unknown,False,False,0,False,False,5100,Unknown,False,False,0,False,True,5800,Flash,False,True,50,False,False,5100,Unknown,False,False,0,False,5000,Unknown,False,False,0,False,5000,Unknown,False,False,0,True,3800,Gallil,True,True,46,False,7150,Unknown,False,False,0,False,de_nuke,27.10455,B,26,11,15
False,4650,Unknown,False,False,0,False,True,5650,M4A4,False,True,100,True,False,6100,Unknown,False,False,0,False,False,5100,Unknown,False,False,0,False,True,5800,Flash,False,True,50,False,False,5100,Unknown,False,False,0,False,5000,Unknown,False,False,0,False,5000,Unknown,False,False,0,True,3800,Gallil,True,True,46,False,7150,Unknown,False,False,0,False,de_nuke,28.10495,B,26,11,15
False,4650,Unknown,False,False,0,False,True,5650,M4A4,False,True,100,True,False,6100,Unknown,False,False,0,False,False,5100,Unknown,False,False,0,False,True,5800,Knife,False,True,50,False,False,5100,Unknown,False,False,0,False,5000,Unknown,False,False,0,False,5000,Unknown,False,False,0,True,3800,Gallil,True,True,46,False,7150,Unknown,False,False,0,False,de_nuke,29.10534,B,26,11,15
False,4650,Unknown,False,False,0,False,True,5650,M4A4,False,True,100,True,False,6100,Unknown,False,False,0,False,False,5100,Unknown,False,False,0,False,True,5800,AWP,False,True,50,False,False,5100,Unknown,False,False,0,False,5000,Unknown,False,False,0,False,5000,Unknown,False,False,0,True,4200,Knife,True,True,46,False,7150,Unknown,False,False,0,False,de_nuke,30.10574,B,26,11,15
False,4650,Unknown,False,False,0,False,True,5650,M4A4,False,True,100,True,False,6100,Unknown,False,False,0,False,False,5100,Unknown,False,False,0,False,True,5800,USP,False,True,50,False,False,5100,Unknown,False,False,0,False,5000,Unknown,False,False,0,False,5000,Unknown,False,False,0,True,4200,AK47,True,True,46,False,7150,Unknown,False,False,0,False,de_nuke,31.10614,B,26,11,15
False,4650,Unknown,False,False,0,False,True,5650,M4A4,False,True,100,True,False,6100,Unknown,False,False,0,False,False,5100,Unknown,False,False,0,False,True,5800,USP,False,True,50,False,False,5100,Unknown,False,False,0,False,5000,Unknown,False,False,0,False,5000,Unknown,False,False,0,True,4600,AK47,True,True,46,False,7150,Unknown,False,False,0,False,de_nuke,32.10654,B,26,11,15
True,200,USP,False,False,100,False,True,5150,M4A4,False,True,100,True,True,200,USP,False,False,100,False,True,200,USP,False,False,100,False,True,5600,USP,False,True,100,False,True,200,Glock,False,False,100,True,200,Glock,False,False,100,True,200,Glock,False,False,100,True,4600,Bomb,True,True,100,True,200,Glock,False,False,100,False,de_nuke,33.10694,B,26,11,15
True,200,USP,False,False,100,False,True,5150,M4A4,False,True,100,True,True,200,USP,False,False,100,False,True,200,Knife,False,False,100,False,True,5600,AWP,False,True,100,False,True,200,Glock,False,False,100,True,200,Knife,False,False,100,True,200,Glock,False,False,100,True,4600,Knife,True,True,100,True,200,Glock,False,False,100,False,de_nuke,34.10734,B,26,11,15
True,200,USP,False,False,100,False,True,5150,M4A4,False,True,100,True,True,850,USP,False,True,100,False,True,200,Knife,False,False,100,False,True,5600,USP,False,True,100,False,True,200,Glock,False,False,100,True,200,Knife,False,False,100,True,200,Knife,False,False,100,True,4600,Knife,True,True,100,True,200,Knife,False,False,100,False,de_nuke,35.10773,B,26,11,15
True,200,USP,False,False,100,False,True,5150,Knife,False,True,100,True,True,850,USP,False,True,100,False,True,200,Knife,False,False,100,False,True,5600,USP,False,True,100,False,True,200,Glock,False,False,100,True,200,Knife,False,False,100,True,200,Knife,False,False,100,True,4600,Knife,True,True,100,True,200,Knife,False,False,100,False,de_nuke,36.10813,B,26,11,15
True,200,USP,False,False,100,False,True,5150,Knife,False,True,100,True,True,850,USP,False,True,100,False,True,200,Knife,False,False,100,False,True,5600,USP,False,True,100,False,True,200,Glock,False,False,100,True,200,Knife,False,False,100,True,200,Knife,False,False,100,True,4600,Knife,True,True,100,True,200,Knife,False,False,100,False,de_nuke,37.10853,B,26,11,15
True,200,USP,False,False,100,False,True,5150,Knife,False,True,100,True,True,850,USP,False,True,100,False,True,200,Knife,False,False,100,False,True,5600,USP,False,True,100,False,True,200,Glock,False,False,100,True,200,Knife,False,False,100,True,200,Knife,False,False,100,True,4600,Knife,True,True,100,True,200,Knife,False,False,100,False,de_nuke,38.10893,B,26,11,15
True,200,USP,False,False,100,False,True,5150,Knife,False,True,100,True,True,850,USP,False,True,100,False,True,200,Knife,False,False,100,False,True,5600,USP,False,True,100,False,True,200,Glock,False,False,100,True,200,Knife,False,False,100,True,200,Knife,False,False,100,True,4600,Knife,True,True,100,True,200,Knife,False,False,100,False,de_nuke,39.10933,B,26,11,15
True,200,Knife,False,False,100,False,True,5150,USP,False,True,100,True,True,850,USP,False,True,100,False,True,200,Knife,False,False,100,False,True,5600,USP,False,True,100,False,True,200,Glock,False,False,100,True,200,Knife,False,False,100,True,200,Knife,False,False,100,True,4600,Knife,True,True,100,True,200,Knife,False,False,100,False,de_nuke,40.10973,B,26,11,15
True,4700,Knife,True,True,100,True,True,5150,Knife,False,True,100,True,True,850,USP,False,True,100,False,True,200,Knife,False,False,100,False,True,5600,Knife,False,True,100,False,True,200,Glock,False,False,100,True,200,Knife,False,False,100,True,200,Knife,False,False,100,True,4600,Knife,True,True,100,True,200,Knife,False,False,100,False,de_nuke,41.11013,B,26,11,15
True,5300,Incendiary,True,True,100,True,True,5150,M4A4,False,True,100,True,True,850,USP,False,True,100,False,True,2450,MP9,True,True,100,False,True,5600,Knife,False,True,100,False,True,200,Glock,False,False,100,True,200,Glock,False,False,100,True,500,Smoke,False,False,100,True,4600,Knife,True,True,100,True,200,Knife,False,False,100,False,de_nuke,42.11052,B,26,11,15
True,6100,Knife,True,True,100,True,True,5150,Knife,False,True,100,True,True,850,USP,False,True,100,False,True,3850,MP9,True,True,100,False,True,5600,USP,False,True,100,False,True,200,Glock,False,False,100,True,200,Glock,False,False,100,True,500,Smoke,False,False,100,True,4600,Knife,True,True,100,True,200,Glock,False,False,100,False,de_nuke,43.11092,B,26,11,15
True,6100,Knife,True,True,100,True,True,5150,Knife,False,True,100,True,True,850,USP,False,True,100,False,True,4250,Knife,True,True,100,True,True,5600,Knife,False,True,100,False,True,200,Glock,False,False,100,True,200,Glock,False,False,100,True,500,Knife,False,False,100,True,4600,Knife,True,True,100,True,200,Knife,False,False,100,False,de_nuke,44.11132,B,26,11,15
True,6100,Knife,True,True,100,True,True,5150,Knife,False,True,100,True,True,1200,USP,True,True,100,False,True,4250,MP9,True,True,100,True,True,3950,USP,False,True,100,False,True,200,Glock,False,False,100,True,200,Glock,False,False,100,True,500,Knife,False,False,100,True,4600,Knife,True,True,100,True,200,Knife,False,False,100,False,de_nuke,45.11172,B,26,11,15
True,6100,Knife,True,True,100,True,True,5150,Knife,False,True,100,True,True,4300,M4A4,True,True,100,False,True,4250,Knife,True,True,100,True,True,3950,USP,False,True,100,False,True,200,Glock,False,False,100,True,200,Glock,False,False,100,True,500,Knife,False,False,100,True,4600,Knife,True,True,100,True,200,Knife,False,False,100,False,de_nuke,46.11212,B,26,11,15
True,6100,Knife,True,True,100,True,True,5150,Knife,False,True,100,True,True,5500,M4A4,True,True,100,False,True,4250,Knife,True,True,100,True,True,5900,Knife,False,True,100,False,True,200,Glock,False,False,100,True,200,Glock,False,False,100,True,500,Knife,False,False,100,True,4600,Knife,True,True,100,True,200,Knife,False,False,100,False,de_nuke,47.11252,B,26,11,15
True,6100,Knife,True,True,100,True,True,5150,Knife,False,True,100,True,True,6100,Knife,True,True,100,True,True,4250,Knife,True,True,100,True,True,5900,Knife,False,True,100,False,True,200,Glock,False,False,100,True,200,Glock,False,False,100,True,500,Knife,False,False,100,True,4600,Knife,True,True,100,True,200,Knife,False,False,100,False,de_nuke,48.11292,B,26,11,15
True,6100,Knife,True,True,100,True,True,5150,Knife,False,True,100,True,True,6100,Knife,True,True,100,True,True,4250,Knife,True,True,100,True,True,5900,Knife,False,True,100,False,True,200,Glock,False,False,100,True,200,Glock,False,False,100,True,500,Knife,False,False,100,True,4600,Knife,True,True,100,True,200,Knife,False,False,100,False,de_nuke,49.11332,B,26,11,15
True,6100,Knife,True,True,100,True,True,5150,Knife,False,True,100,True,True,6100,Knife,True,True,100,True,True,4250,Knife,True,True,100,True,True,5900,USP,False,True,100,False,True,200,Glock,False,False,100,True,200,Knife,False,False,100,True,500,Knife,False,False,100,True,4600,Knife,True,True,100,True,200,Knife,False,False,100,False,de_nuke,50.11371,B,26,11,15
True,6100,Knife,True,True,100,True,True,5150,Knife,False,True,100,True,True,6100,Knife,True,True,100,True,True,4250,Knife,True,True,100,True,True,5900,USP,False,True,100,False,True,200,Glock,False,False,100,True,200,Knife,False,False,100,True,500,Knife,False,False,100,True,4600,Knife,True,True,100,True,200,Knife,False,False,100,False,de_nuke,51.11411,B,26,11,15
True,6100,Knife,True,True,100,True,True,5150,Knife,False,True,100,True,True,6100,Knife,True,True,100,True,True,4250,Knife,True,True,100,True,True,5900,USP,False,True,100,False,True,200,Glock,False,False,100,True,200,Knife,False,False,100,True,500,Knife,False,False,100,True,4600,Knife,True,True,100,True,200,Knife,False,False,100,False,de_nuke,52.11451,B,26,11,15
True,6100,Knife,True,True,100,True,True,5150,Knife,False,True,100,True,True,6100,Knife,True,True,100,True,True,4250,Knife,True,True,100,True,True,5900,Knife,False,True,100,False,True,200,Glock,False,False,100,True,200,Knife,False,False,100,True,500,Knife,False,False,100,True,4600,Knife,True,True,100,True,200,Knife,False,False,100,False,de_nuke,53.11491,B,26,11,15
True,6100,Knife,True,True,100,True,True,5150,Knife,False,True,100,True,True,6100,Knife,True,True,100,True,True,4250,Knife,True,True,100,True,True,5900,Knife,False,True,100,False,True,200,Glock,False,False,100,True,200,Knife,False,False,100,True,500,Knife,False,False,100,True,4600,Knife,True,True,100,True,200,Knife,False,False,100,False,de_nuke,54.11531,B,26,11,15
True,6100,Knife,True,True,100,True,True,5150,Knife,False,True,100,True,True,6100,Knife,True,True,100,True,True,4250,Knife,True,True,100,True,True,5900,Knife,False,True,100,False,True,200,Glock,False,False,100,True,200,Knife,False,False,100,True,500,Knife,False,False,100,True,4600,Knife,True,True,100,True,200,Knife,False,False,100,False,de_nuke,55.1157,B,26,11,15
True,6100,Knife,True,True,100,True,True,5150,Knife,False,True,100,True,True,6100,Knife,True,True,100,True,True,4250,Incendiary,True,True,100,True,True,5900,Knife,False,True,100,False,True,200,Glock,False,False,100,True,200,Knife,False,False,100,True,500,Knife,False,False,100,True,4600,Knife,True,True,100,True,200,Knife,False,False,100,False,de_nuke,56.1161,B,26,11,15
True,6100,Knife,True,True,100,True,True,5150,Knife,False,True,100,True,True,6100,Knife,True,True,100,True,True,4250,Incendiary,True,True,100,True,True,5900,Knife,False,True,100,False,True,200,Glock,False,False,100,True,200,Knife,False,False,100,True,500,Knife,False,False,100,True,4600,Knife,True,True,100,True,200,Knife,False,False,100,False,de_nuke,57.1165,B,26,11,15
True,6100,Knife,True,True,100,True,True,5150,Knife,False,True,100,True,True,6100,Knife,True,True,100,True,True,4250,Knife,True,True,100,True,True,5900,Knife,False,True,100,False,True,200,Glock,False,False,100,True,200,Knife,False,False,100,True,500,Knife,False,False,100,True,4600,Knife,True,True,100,True,200,Knife,False,False,100,False,de_nuke,58.1169,B,26,11,15
True,6100,Knife,True,True,100,True,True,5150,Knife,False,True,100,True,True,6100,Knife,True,True,100,True,True,4250,Knife,True,True,100,True,True,5900,Knife,False,True,100,False,True,200,Glock,False,False,100,True,200,Knife,False,False,100,True,500,Knife,False,False,100,True,4600,Knife,True,True,100,True,200,Knife,False,False,100,False,de_nuke,59.1173,B,26,11,15
True,6100,Knife,True,True,100,True,True,5150,Knife,False,True,100,True,True,6100,Knife,True,True,100,True,True,4250,Knife,True,True,100,True,True,5900,AWP,False,True,100,False,True,200,Glock,False,False,100,True,200,Glock,False,False,100,True,500,Knife,False,False,100,True,4600,Knife,True,True,100,True,200,Knife,False,False,100,False,de_nuke,60.1177,B,26,11,15
True,6100,Knife,True,True,100,True,True,5150,Knife,False,True,100,True,True,6100,Knife,True,True,100,True,True,4250,Knife,True,True,100,True,True,5900,AWP,False,True,100,False,True,200,Glock,False,False,100,True,200,Knife,False,False,100,True,500,Knife,False,False,100,True,4600,Knife,True,True,100,True,200,Knife,False,False,100,False,de_nuke,61.1181,B,26,11,15
True,6100,Knife,True,True,100,True,True,5150,Knife,False,True,100,True,True,6100,Knife,True,True,100,True,True,4250,Knife,True,True,100,True,True,5900,AWP,False,True,100,False,True,200,Glock,False,False,100,True,200,Knife,False,False,100,True,500,Knife,False,False,100,True,4600,HE,True,True,100,True,200,Knife,False,False,100,False,de_nuke,62.1185,B,26,11,15
True,6100,Knife,True,True,100,True,True,5150,Knife,False,True,100,True,True,6100,Knife,True,True,100,True,True,4250,Knife,True,True,100,True,True,5900,AWP,False,True,100,False,True,200,Glock,False,False,100,True,200,Knife,False,False,100,True,500,Knife,False,False,100,True,4600,HE,True,True,100,True,200,Knife,False,False,100,False,de_nuke,63.11889,B,26,11,15
True,6100,Knife,True,True,100,True,True,5150,Knife,False,True,100,True,True,6100,Knife,True,True,100,True,True,4250,Knife,True,True,100,True,True,5900,AWP,False,True,100,False,True,200,Glock,False,False,100,True,200,Knife,False,False,100,True,500,Knife,False,False,100,True,4600,Knife,True,True,100,True,200,Knife,False,False,100,False,de_nuke,64.11929,B,26,11,15
True,6100,Knife,True,True,100,True,True,5150,M4A4,False,True,100,True,True,6100,Knife,True,True,100,True,True,4250,Knife,True,True,100,True,True,5900,AWP,False,True,100,False,True,200,Glock,False,False,100,True,200,Knife,False,False,100,True,500,Knife,False,False,100,True,4600,Knife,True,True,100,True,200,Knife,False,False,100,False,de_nuke,65.11969,B,26,11,15
True,6100,Knife,True,True,100,True,True,5500,Knife,True,True,100,True,True,6100,Knife,True,True,100,True,True,4250,Knife,True,True,100,True,True,5900,Knife,False,True,100,False,True,200,Glock,False,False,100,True,200,Knife,False,False,100,True,500,Knife,False,False,100,True,4600,Knife,True,True,100,True,200,Knife,False,False,100,False,de_nuke,66.12009,B,26,11,15
True,6100,Knife,True,True,100,True,True,5500,Knife,True,True,100,True,True,6100,Knife,True,True,100,True,True,4250,Knife,True,True,100,True,True,5900,USP,False,True,100,False,True,200,Glock,False,False,100,True,200,Knife,False,False,100,True,500,Knife,False,False,100,True,4600,Knife,True,True,100,True,200,Knife,False,False,100,False,de_nuke,67.12048,B,26,11,15
True,6100,Knife,True,True,100,True,True,6000,Smoke,True,True,100,True,True,6100,Knife,True,True,100,True,True,4250,Knife,True,True,100,True,True,5900,AWP,False,True,100,False,True,200,Glock,False,False,100,True,200,Knife,False,False,100,True,500,Knife,False,False,100,True,4600,Knife,True,True,100,True,200,Knife,False,False,100,False,de_nuke,68.12089,B,26,11,15
True,6100,Knife,True,True,100,True,True,6000,Smoke,True,True,100,True,True,6100,Knife,True,True,100,True,True,4250,Knife,True,True,100,True,True,5900,AWP,False,True,100,False,True,200,Glock,False,False,100,True,200,Knife,False,False,100,True,500,Smoke,False,False,100,True,4600,Knife,True,True,100,True,200,Knife,False,False,100,False,de_nuke,69.12128,B,26,11,15
True,6100,Knife,True,True,100,True,True,6000,Smoke,True,True,100,True,True,6100,Knife,True,True,100,True,True,4250,MP9,True,True,100,True,True,5900,AWP,False,True,100,False,True,200,Knife,False,False,100,True,200,Knife,False,False,100,True,500,Knife,False,False,100,True,4600,Knife,True,True,100,True,200,Knife,False,False,100,False,de_nuke,70.12168,B,26,11,15
True,6100,M4A4,True,True,100,True,True,6000,Smoke,True,True,100,True,True,6100,Knife,True,True,100,True,True,4250,Incendiary,True,True,100,True,True,5900,Knife,False,True,100,False,True,200,Knife,False,False,100,True,200,Knife,False,False,100,True,500,Knife,False,False,100,True,4600,Knife,True,True,100,True,200,Knife,False,False,100,False,de_nuke,71.12208,B,26,11,15
True,6100,Knife,True,True,100,True,True,6000,Smoke,True,True,100,True,True,6100,Knife,True,True,100,True,True,4250,Incendiary,True,True,100,True,True,5900,Knife,False,True,100,False,True,200,Knife,False,False,100,True,200,Knife,False,False,100,True,500,Knife,False,False,100,True,4600,Knife,True,True,100,True,4400,AK47,True,True,100,False,de_nuke,72.12248,B,26,11,15
True,6100,Knife,True,True,100,True,True,6000,Smoke,True,True,100,True,True,6100,Knife,True,True,100,True,True,4250,MP9,True,True,100,True,True,5900,Knife,False,True,100,False,True,200,Knife,False,False,100,True,200,Knife,False,False,100,True,500,Knife,False,False,100,True,4600,Knife,True,True,100,True,4400,AK47,True,True,100,False,de_nuke,73.12288,B,26,11,15
True,6100,Knife,True,True,100,True,True,6000,Smoke,True,True,100,True,True,6100,Knife,True,True,100,True,True,4250,Knife,True,True,100,True,True,5900,Knife,False,True,100,False,True,200,Knife,False,False,100,True,200,Knife,False,False,100,True,500,Knife,False,False,100,True,4600,Knife,True,True,100,True,4400,AK47,True,True,100,False,de_nuke,74.12328,B,26,11,15
True,6100,Knife,True,True,100,True,True,6000,Smoke,True,True,100,True,True,6100,Knife,True,True,100,True,True,4250,Knife,True,True,100,True,True,5900,Knife,False,True,100,False,True,200,Knife,False,False,100,True,3900,Knife,True,True,100,True,500,Knife,False,False,100,True,4600,Knife,True,True,100,True,4400,AK47,True,True,100,False,de_nuke,75.12367,B,26,11,15
True,6100,Knife,True,True,100,True,True,6000,Smoke,True,True,100,True,True,6100,Knife,True,True,100,True,True,4250,MP9,True,True,100,True,True,5900,Knife,False,True,100,False,True,200,Knife,False,False,100,True,3900,AK47,True,True,100,True,500,Knife,False,False,100,True,4600,Knife,True,True,100,True,4400,AK47,True,True,100,False,de_nuke,76.12408,B,26,11,15
True,6100,Knife,True,True,100,True,True,6000,Smoke,True,True,100,True,True,6100,Knife,True,True,100,True,True,4250,Knife,True,True,100,True,True,5900,Knife,False,True,100,False,True,2200,Glock,False,False,100,True,3900,AK47,True,True,100,True,500,Smoke,False,False,100,True,4600,Knife,True,True,100,True,4400,AK47,True,True,100,False,de_nuke,77.12447,B,26,11,15
True,6100,Knife,True,True,100,True,True,6000,Smoke,True,True,100,True,True,6100,Knife,True,True,100,True,True,4250,Knife,True,True,100,True,True,5900,Knife,False,True,100,False,True,1200,Glock,True,True,100,True,3200,Gallil,True,True,100,True,500,Smoke,False,False,100,True,4600,HE,True,True,100,True,4400,AK47,True,True,100,False,de_nuke,78.12487,B,26,11,15
True,6100,Knife,True,True,100,True,True,6000,Smoke,True,True,100,True,True,6100,Knife,True,True,100,True,True,4250,MP9,True,True,100,True,True,5900,Knife,False,True,100,False,True,4600,Knife,True,True,100,True,3200,Knife,True,True,100,True,500,Smoke,False,False,100,True,4600,Knife,True,True,100,True,4400,AK47,True,True,100,False,de_nuke,79.12527,B,26,11,15
True,6100,Knife,True,True,100,True,True,6000,Smoke,True,True,100,True,True,6100,Knife,True,True,100,True,True,4250,MP9,True,True,100,True,True,5900,Knife,False,True,100,False,True,4600,Knife,True,True,100,True,3200,Knife,True,True,100,True,500,Knife,False,False,100,True,4600,Knife,True,True,100,True,4400,AK47,True,True,100,False,de_nuke,80.12566,B,26,11,15
True,6100,Knife,True,True,100,True,True,6000,Smoke,True,True,100,True,True,6100,Knife,True,True,100,True,True,4250,MP9,True,True,100,True,True,5900,Knife,False,True,100,False,True,4600,AK47,True,True,100,True,3200,Knife,True,True,100,True,3200,AK47,False,False,100,True,4600,Knife,True,True,100,True,4400,AK47,True,True,100,False,de_nuke,81.12607,B,26,11,15
True,6100,Knife,True,True,100,True,True,6000,Smoke,True,True,100,True,True,6100,Knife,True,True,100,True,True,4250,Knife,True,True,100,True,True,5900,Knife,False,True,100,False,True,4600,Knife,True,True,100,True,3200,Knife,True,True,100,True,3600,Molotov,False,False,100,True,4600,Knife,True,True,100,True,4400,AK47,True,True,100,False,de_nuke,82.12646,B,26,11,15
True,6100,Knife,True,True,100,True,True,6000,Smoke,True,True,100,True,True,6100,Knife,True,True,100,True,True,4250,Knife,True,True,100,True,True,5900,Knife,False,True,100,False,True,4600,Knife,True,True,100,True,3200,Knife,True,True,100,True,3600,Knife,False,False,100,True,4600,Knife,True,True,100,True,4400,AK47,True,True,100,False,de_nuke,83.12686,B,26,11,15
True,6100,Knife,True,True,100,True,True,6000,Smoke,True,True,100,True,True,6100,Knife,True,True,100,True,True,4250,Knife,True,True,100,True,True,5900,Knife,False,True,100,False,True,4600,Knife,True,True,100,True,3200,Knife,True,True,100,True,4000,Knife,False,False,100,True,5100,Knife,True,True,100,True,4400,Knife,True,True,100,False,de_nuke,84.12726,B,26,11,15
True,6100,Knife,True,True,100,True,True,6000,Smoke,True,True,100,True,True,6100,Knife,True,True,100,True,True,4250,Knife,True,True,100,True,True,5900,Knife,False,True,100,False,True,4600,Knife,True,True,100,True,3200,Knife,True,True,100,True,4000,Flash,False,False,100,True,5100,Knife,True,True,100,True,4400,Knife,True,True,100,False,de_nuke,85.12766,B,26,11,15
True,6100,Knife,True,True,100,True,True,6000,Smoke,True,True,100,True,True,6100,Knife,True,True,100,True,True,4250,Knife,True,True,100,True,True,5900,Knife,False,True,100,False,True,4600,Knife,True,True,100,True,3200,Knife,True,True,100,True,4000,Knife,False,False,100,True,5100,Knife,True,True,100,True,4400,Knife,True,True,100,False,de_nuke,86.12806,B,26,11,15
True,6100,Knife,True,True,100,True,True,6000,Smoke,True,True,100,True,True,6100,Knife,True,True,100,True,True,4250,Knife,True,True,100,True,True,5900,AWP,False,True,100,False,True,4600,Knife,True,True,100,True,3200,Knife,True,True,100,True,4000,Knife,False,False,100,True,5100,Knife,True,True,100,True,4400,Knife,True,True,100,False,de_nuke,87.12846,B,26,11,15
True,6100,Knife,True,True,100,True,True,6000,Smoke,True,True,100,True,True,6100,Knife,True,True,100,True,True,4250,MP9,True,True,100,True,True,5900,Knife,False,True,100,False,True,4600,Knife,True,True,100,True,3200,Knife,True,True,100,True,4000,Knife,False,False,100,True,5100,Knife,True,True,100,True,4400,Knife,True,True,100,False,de_nuke,88.12885,B,26,11,15
True,6100,Knife,True,True,100,True,True,6000,Smoke,True,True,100,True,True,6100,Knife,True,True,100,True,True,4250,MP9,True,True,100,True,True,5900,Knife,False,True,100,False,True,4600,Knife,True,True,100,True,3200,Knife,True,True,100,True,4000,Knife,False,False,100,True,5100,Knife,True,True,100,True,4400,Knife,True,True,100,False,de_nuke,89.12926,B,26,11,15
True,6100,Flash,True,True,100,True,True,6000,Smoke,True,True,100,True,True,6100,Knife,True,True,100,True,True,4250,Knife,True,True,100,True,True,5900,Knife,False,True,100,False,True,4600,Knife,True,True,100,True,3200,Knife,True,True,100,True,4000,Knife,False,False,100,True,5100,Knife,True,True,100,True,4400,Smoke,True,True,100,False,de_nuke,90.12965,B,26,11,15
False,6100,Unknown,False,False,0,False,True,6000,M4A4,True,True,100,True,True,6100,M4A4,True,True,100,True,False,4250,Unknown,False,False,0,False,True,4150,AK47,False,True,88,False,True,4600,AK47,True,True,100,True,3600,Gallil,True,True,72,False,4000,Unknown,False,False,0,False,4800,Unknown,False,False,0,True,4100,AK47,True,True,100,False,de_nuke,0.7659301,A,27,12,15
False,6100,Unknown,False,False,0,False,True,6000,M4A4,True,True,100,True,True,6100,M4A4,True,True,100,True,False,4250,Unknown,False,False,0,False,True,4150,AK47,False,True,88,False,True,4600,AK47,True,True,100,True,3600,Flash,True,True,72,False,4000,Unknown,False,False,0,False,4800,Unknown,False,False,0,True,4100,AK47,True,True,100,False,de_nuke,1.766329,A,27,12,15
False,6100,Unknown,False,False,0,False,True,6000,M4A4,True,True,100,True,True,6100,M4A4,True,True,100,True,False,4250,Unknown,False,False,0,False,True,4150,AK47,False,True,88,False,True,4600,AK47,True,True,100,True,3600,Gallil,True,True,72,False,4000,Unknown,False,False,0,False,4800,Unknown,False,False,0,True,4100,AK47,True,True,100,False,de_nuke,2.766727,A,27,12,15
False,6100,Unknown,False,False,0,False,True,6000,M4A4,True,True,100,True,True,6100,M4A4,True,True,100,True,False,4250,Unknown,False,False,0,False,True,4150,AK47,False,True,88,False,True,4600,AK47,True,True,100,True,3600,Gallil,True,True,72,False,4000,Unknown,False,False,0,False,4800,Unknown,False,False,0,True,4100,AK47,True,True,100,False,de_nuke,3.767126,A,27,12,15
False,6100,Unknown,False,False,0,False,True,6000,M4A4,True,True,100,True,True,6100,M4A4,True,True,100,True,False,4250,Unknown,False,False,0,False,True,4150,AK47,False,True,88,False,True,4600,AK47,True,True,100,True,3600,Gallil,True,True,72,False,4000,Unknown,False,False,0,False,4800,Unknown,False,False,0,True,4100,AK47,True,True,100,False,de_nuke,4.767524,A,27,12,15
False,6100,Unknown,False,False,0,False,True,6000,M4A4,True,True,100,True,True,6100,M4A4,True,True,100,True,False,4250,Unknown,False,False,0,False,True,4150,AK47,False,True,88,False,True,4600,AK47,True,True,100,True,3600,Gallil,True,True,72,False,4000,Unknown,False,False,0,False,4800,Unknown,False,False,0,True,4100,AK47,True,True,100,False,de_nuke,5.767922,A,27,12,15
False,6100,Unknown,False,False,0,False,True,6000,M4A4,True,True,100,True,True,6100,M4A4,True,True,100,True,False,4250,Unknown,False,False,0,False,True,4150,AK47,False,True,88,False,True,4600,AK47,True,True,100,True,3600,Gallil,True,True,72,False,4000,Unknown,False,False,0,False,4800,Unknown,False,False,0,True,4100,AK47,True,True,100,False,de_nuke,6.768321,A,27,12,15
False,6100,Unknown,False,False,0,False,True,6000,M4A4,True,True,100,True,True,6100,M4A4,True,True,100,True,False,4250,Unknown,False,False,0,False,True,4150,AK47,False,True,88,False,True,4600,AK47,True,True,100,True,3600,Gallil,True,True,72,False,4000,Unknown,False,False,0,False,4800,Unknown,False,False,0,True,4100,AK47,True,True,100,False,de_nuke,7.76872,A,27,12,15
False,6100,Unknown,False,False,0,False,True,6000,M4A4,True,True,100,True,True,6100,M4A4,True,True,100,True,False,4250,Unknown,False,False,0,False,True,4150,AK47,False,True,88,False,True,4600,AK47,True,True,100,True,3600,Gallil,True,True,72,False,4000,Unknown,False,False,0,False,4800,Unknown,False,False,0,True,4100,AK47,True,True,100,False,de_nuke,8.769118,A,27,12,15
False,6100,Unknown,False,False,0,False,True,6000,M4A4,True,True,100,True,True,6100,M4A4,True,True,100,True,False,4250,Unknown,False,False,0,False,True,4150,AK47,False,True,88,False,True,4600,AK47,True,True,100,True,3600,Gallil,True,True,72,False,4000,Unknown,False,False,0,False,4800,Unknown,False,False,0,True,4100,AK47,True,True,100,False,de_nuke,9.769517,A,27,12,15
False,6100,Unknown,False,False,0,False,True,6000,M4A4,True,True,100,True,True,6100,M4A4,True,True,100,True,False,4250,Unknown,False,False,0,False,True,4150,AK47,False,True,88,False,True,4600,AK47,True,True,100,True,3600,Gallil,True,True,72,False,4000,Unknown,False,False,0,False,4800,Unknown,False,False,0,True,4100,AK47,True,True,100,False,de_nuke,10.76991,A,27,12,15
False,6100,Unknown,False,False,0,False,True,6000,M4A4,True,True,100,True,True,6100,M4A4,True,True,100,True,False,4250,Unknown,False,False,0,False,True,4150,AK47,False,True,88,False,True,4600,AK47,True,True,100,True,3600,Gallil,True,True,72,False,4000,Unknown,False,False,0,False,4800,Unknown,False,False,0,True,4100,AK47,True,True,100,False,de_nuke,11.77031,A,27,12,15
False,6100,Unknown,False,False,0,False,True,6000,M4A4,True,True,100,True,True,6100,M4A4,True,True,100,True,False,4250,Unknown,False,False,0,False,True,4150,AK47,False,True,88,False,True,4600,AK47,True,True,100,True,3600,Gallil,True,True,72,False,4000,Unknown,False,False,0,False,4800,Unknown,False,False,0,True,4100,AK47,True,True,100,False,de_nuke,12.77071,A,27,12,15
False,6100,Unknown,False,False,0,False,True,6000,M4A4,True,True,100,True,True,6100,M4A4,True,True,100,True,False,4250,Unknown,False,False,0,False,True,4150,AK47,False,True,88,False,True,4600,AK47,True,True,100,True,3600,Gallil,True,True,72,False,4000,Unknown,False,False,0,False,4800,Unknown,False,False,0,True,4100,AK47,True,True,100,False,de_nuke,13.77111,A,27,12,15
False,6100,Unknown,False,False,0,False,True,6000,M4A4,True,True,100,True,True,6100,M4A4,True,True,100,True,False,4250,Unknown,False,False,0,False,True,4150,AK47,False,True,88,False,True,4600,AK47,True,True,100,True,3600,Gallil,True,True,72,False,4000,Unknown,False,False,0,False,4800,Unknown,False,False,0,True,4100,AK47,True,True,100,False,de_nuke,14.77151,A,27,12,15
False,6100,Unknown,False,False,0,False,True,6000,M4A4,True,True,100,True,True,6100,M4A4,True,True,100,True,False,4250,Unknown,False,False,0,False,True,4150,HE,False,True,88,False,True,4600,AK47,True,True,100,True,3600,Gallil,True,True,72,False,4000,Unknown,False,False,0,False,4800,Unknown,False,False,0,True,4100,AK47,True,True,100,False,de_nuke,15.77191,A,27,12,15
False,6100,Unknown,False,False,0,False,True,6000,M4A4,True,True,100,True,True,6100,M4A4,True,True,100,True,False,4250,Unknown,False,False,0,False,True,4150,HE,False,True,88,False,True,4600,AK47,True,True,100,True,3600,Gallil,True,True,72,False,4000,Unknown,False,False,0,False,4800,Unknown,False,False,0,True,4100,AK47,True,True,100,False,de_nuke,16.77231,A,27,12,15
False,6100,Unknown,False,False,0,False,True,6000,M4A4,True,True,100,True,True,6100,M4A4,True,True,100,True,False,4250,Unknown,False,False,0,False,True,4150,AK47,False,True,88,False,True,4600,AK47,True,True,100,True,3600,Gallil,True,True,72,False,4000,Unknown,False,False,0,False,4800,Unknown,False,False,0,True,4100,AK47,True,True,100,False,de_nuke,17.77271,A,27,12,15
False,6100,Unknown,False,False,0,False,True,6000,M4A4,True,True,100,True,True,6100,M4A4,True,True,100,True,False,4250,Unknown,False,False,0,False,True,4150,AK47,False,True,88,False,True,4600,AK47,True,True,100,True,3600,Gallil,True,True,53,False,4000,Unknown,False,False,0,False,4800,Unknown,False,False,0,True,4100,AK47,True,True,100,False,de_nuke,18.7731,A,27,12,15
False,6100,Unknown,False,False,0,False,True,6000,M4A4,True,True,100,True,True,6100,M4A4,True,True,100,True,False,4250,Unknown,False,False,0,False,True,4150,AK47,False,True,88,False,True,4600,AK47,True,True,100,True,3600,Gallil,True,True,53,False,4000,Unknown,False,False,0,False,4800,Unknown,False,False,0,True,4100,AK47,True,True,100,False,de_nuke,19.7735,A,27,12,15
False,6100,Unknown,False,False,0,False,False,6000,Unknown,False,False,0,False,True,6100,M4A4,True,True,100,True,False,4250,Unknown,False,False,0,False,True,4150,AK47,False,True,88,False,True,4600,AK47,True,True,100,True,3600,Gallil,True,True,31,False,4000,Unknown,False,False,0,False,4800,Unknown,False,False,0,True,4100,AK47,True,True,100,False,de_nuke,20.7739,A,27,12,15
False,6100,Unknown,False,False,0,False,False,6000,Unknown,False,False,0,False,True,6100,M4A4,True,True,100,True,False,4250,Unknown,False,False,0,False,True,4150,AK47,False,True,88,False,True,4600,AK47,True,True,100,True,3600,Gallil,True,True,31,False,4000,Unknown,False,False,0,False,4800,Unknown,False,False,0,True,4100,AK47,True,True,100,False,de_nuke,21.7743,A,27,12,15
False,6100,Unknown,False,False,0,False,False,6000,Unknown,False,False,0,False,True,6100,M4A4,True,True,50,True,False,4250,Unknown,False,False,0,False,True,4150,AK47,False,True,7,False,True,4600,AK47,True,True,100,True,3600,Gallil,True,True,31,False,4000,Unknown,False,False,0,False,4800,Unknown,False,False,0,True,4100,AK47,True,True,100,False,de_nuke,22.7747,A,27,12,15
False,2900,Unknown,False,False,0,False,False,2400,Unknown,False,False,0,False,False,2150,Unknown,False,False,0,False,True,2400,CZ,True,True,100,True,True,1500,CZ,True,True,48,False,True,4800,AK47,True,True,84,True,5400,M4A4,True,True,100,True,5300,Smoke,True,True,57,True,5000,AK47,True,True,100,True,4900,Knife,True,True,100,False,de_nuke,0.8909799,B,28,13,15
False,2900,Unknown,False,False,0,False,False,2400,Unknown,False,False,0,False,False,2150,Unknown,False,False,0,False,True,2400,CZ,True,True,100,True,True,1500,CZ,True,True,48,False,True,4800,AK47,True,True,84,True,5400,M4A4,True,True,100,True,5300,AK47,True,True,57,True,5000,AK47,True,True,100,True,4900,Knife,True,True,100,False,de_nuke,1.891378,B,28,13,15
False,2900,Unknown,False,False,0,False,False,2400,Unknown,False,False,0,False,False,2150,Unknown,False,False,0,False,False,2400,Unknown,False,False,0,False,True,1500,CZ,True,True,48,False,True,4800,AK47,True,True,84,True,5400,M4A4,True,True,74,True,5300,AK47,True,True,57,True,5000,AK47,True,True,100,True,4900,AK47,True,True,100,False,de_nuke,2.891777,B,28,13,15
False,2900,Unknown,False,False,0,False,False,2400,Unknown,False,False,0,False,False,2150,Unknown,False,False,0,False,False,2400,Unknown,False,False,0,False,True,1500,CZ,True,True,48,False,True,4800,AK47,True,True,84,True,5400,M4A4,True,True,74,True,5300,AK47,True,True,57,True,5000,AK47,True,True,100,True,4900,AK47,True,True,100,False,de_nuke,3.892175,B,28,13,15
False,2900,Unknown,False,False,0,False,False,2400,Unknown,False,False,0,False,False,2150,Unknown,False,False,0,False,False,2400,Unknown,False,False,0,False,True,1500,CZ,True,True,48,False,True,4800,AK47,True,True,84,True,5400,M4A4,True,True,74,True,5300,Knife,True,True,57,True,5000,Knife,True,True,100,True,4900,AK47,True,True,100,False,de_nuke,4.892574,B,28,13,15
False,2900,Unknown,False,False,0,False,False,2400,Unknown,False,False,0,False,False,2150,Unknown,False,False,0,False,False,2400,Unknown,False,False,0,False,True,1500,CZ,True,True,48,False,True,4800,AK47,True,True,84,True,5400,M4A4,True,True,74,True,5300,Knife,True,True,57,True,5000,Knife,True,True,100,True,4900,Knife,True,True,100,False,de_nuke,5.892972,B,28,13,15
False,2900,Unknown,False,False,0,False,False,2400,Unknown,False,False,0,False,False,2150,Unknown,False,False,0,False,False,2400,Unknown,False,False,0,False,True,1500,CZ,True,True,48,False,True,4800,AK47,True,True,84,True,5400,M4A4,True,True,74,True,5300,Knife,True,True,57,True,5000,Knife,True,True,100,True,4900,Knife,True,True,100,False,de_nuke,6.893371,B,28,13,15
False,2900,Unknown,False,False,0,False,False,2400,Unknown,False,False,0,False,False,2150,Unknown,False,False,0,False,False,2400,Unknown,False,False,0,False,True,1500,CZ,True,True,48,False,True,4800,AK47,True,True,84,True,5400,M4A4,True,True,74,True,5300,Knife,True,True,57,True,5000,Knife,True,True,100,True,4900,Knife,True,True,100,False,de_nuke,7.893769,B,28,13,15
False,2900,Unknown,False,False,0,False,False,2400,Unknown,False,False,0,False,False,2150,Unknown,False,False,0,False,False,2400,Unknown,False,False,0,False,True,1500,CZ,True,True,48,False,True,4800,AK47,True,True,84,True,5400,M4A4,True,True,74,True,5300,Knife,True,True,57,True,5000,Knife,True,True,100,True,4900,Knife,True,True,100,False,de_nuke,8.894168,B,28,13,15
False,2900,Unknown,False,False,0,False,False,2400,Unknown,False,False,0,False,False,2150,Unknown,False,False,0,False,False,2400,Unknown,False,False,0,False,True,1500,CZ,True,True,48,False,True,4800,AK47,True,True,84,True,5400,M4A4,True,True,74,True,5300,Knife,True,True,57,True,5000,Knife,True,True,100,True,4900,Knife,True,True,100,False,de_nuke,9.894567,B,28,13,15
